"TOA5","CR1000","CR1000","51714","CR1000.Std.32.03","CPU:Experimento3.CR1","37385","saida1s"
"TIMESTAMP","RECORD","batt_volt_Min","PTemp","termopar_Avg","PT100_Avg","Rs_Avg"
"TS","RN","","","","",""
"","","Min","Smp","Avg","Avg","Avg"
"2022-06-23 08:37:00",0,12.52,20.8,34.3,39.14,115.1
"2022-06-23 08:37:01",1,12.52,20.8,34.31,39.14,115.1
"2022-06-23 08:37:02",2,12.52,20.8,34.31,39.14,115.1
"2022-06-23 08:37:03",3,12.52,20.8,34.34,39.14,115.1
"2022-06-23 08:37:04",4,12.52,20.8,34.32,39.14,115.1
"2022-06-23 08:37:05",5,12.52,20.8,34.33,39.14,115.1
"2022-06-23 08:37:06",6,12.52,20.8,34.33,39.14,115.1
"2022-06-23 08:37:07",7,12.52,20.8,34.34,39.14,115.1
"2022-06-23 08:37:08",8,12.52,20.8,34.34,39.14,115.1
"2022-06-23 08:37:09",9,12.52,20.8,34.37,39.14,115.1
"2022-06-23 08:37:10",10,12.52,20.8,34.34,39.14,115.1
"2022-06-23 08:37:11",11,12.52,20.8,34.37,39.14,115.1
"2022-06-23 08:37:12",12,12.52,20.8,34.36,39.14,115.1
"2022-06-23 08:37:13",13,12.52,20.8,34.37,39.14,115.1
"2022-06-23 08:37:14",14,12.52,20.8,34.38,39.14,115.1
"2022-06-23 08:37:15",15,12.52,20.8,34.37,39.14,115.1
"2022-06-23 08:37:16",16,12.52,20.8,34.37,39.14,115.1
"2022-06-23 08:37:17",17,12.52,20.8,34.35,39.14,115.1
"2022-06-23 08:37:18",18,12.52,20.8,34.39,39.14,115.1
"2022-06-23 08:37:19",19,12.52,20.8,34.37,39.14,115.1
"2022-06-23 08:37:20",20,12.52,20.8,34.37,39.14,115.1
"2022-06-23 08:37:21",21,12.52,20.8,34.37,39.14,115.1
"2022-06-23 08:37:22",22,12.52,20.8,34.4,39.14,115.1
"2022-06-23 08:37:23",23,12.52,20.8,34.37,39.14,115.1
"2022-06-23 08:37:24",24,12.52,20.8,34.4,39.14,115.1
"2022-06-23 08:37:25",25,12.52,20.8,34.37,39.14,115.1
"2022-06-23 08:37:26",26,12.52,20.8,34.37,39.14,115.1
"2022-06-23 08:37:27",27,12.52,20.8,34.38,39.14,115.1
"2022-06-23 08:37:28",28,12.52,20.8,34.37,39.14,115.1
"2022-06-23 08:37:29",29,12.52,20.8,34.4,39.14,115.1
"2022-06-23 08:37:30",30,12.52,20.8,34.39,39.14,115.1
"2022-06-23 08:37:31",31,12.52,20.8,34.38,39.14,115.1
"2022-06-23 08:37:32",32,12.52,20.8,34.37,39.14,115.1
"2022-06-23 08:37:33",33,12.52,20.8,34.39,39.14,115.1
"2022-06-23 08:37:34",34,12.52,20.8,34.38,39.14,115.1
"2022-06-23 08:37:35",35,12.52,20.8,34.39,39.14,115.1
"2022-06-23 08:37:36",36,12.52,20.8,34.37,39.14,115.1
"2022-06-23 08:37:37",37,12.52,20.8,34.38,39.14,115.1
"2022-06-23 08:37:38",38,12.52,20.8,34.4,39.14,115.1
"2022-06-23 08:37:39",39,12.52,20.8,34.41,39.14,115.1
"2022-06-23 08:37:40",40,12.52,20.8,34.39,39.14,115.1
"2022-06-23 08:37:41",41,12.52,20.83,34.4,39.14,115.1
"2022-06-23 08:37:42",42,12.52,20.8,34.39,39.14,115.1
"2022-06-23 08:37:43",43,12.52,20.83,34.42,39.14,115.1
"2022-06-23 08:37:44",44,12.52,20.8,34.38,39.14,115.1
"2022-06-23 08:37:45",45,12.52,20.83,34.42,39.14,115.1
"2022-06-23 08:37:46",46,12.52,20.83,34.41,39.14,115.1
"2022-06-23 08:37:47",47,12.52,20.83,34.4,39.14,115.1
"2022-06-23 08:37:48",48,12.52,20.83,34.4,39.14,115.1
"2022-06-23 08:37:49",49,12.52,20.83,34.42,39.14,115.1
"2022-06-23 08:37:50",50,12.52,20.83,34.38,39.14,115.1
"2022-06-23 08:37:51",51,12.52,20.83,34.39,39.14,115.1
"2022-06-23 08:37:52",52,12.52,20.83,34.38,39.14,115.1
"2022-06-23 08:37:53",53,12.52,20.83,34.37,39.14,115.1
"2022-06-23 08:37:54",54,12.52,20.83,34.38,39.14,115.1
"2022-06-23 08:37:55",55,12.52,20.83,34.38,39.14,115.1
"2022-06-23 08:37:56",56,12.52,20.83,34.38,39.14,115.1
"2022-06-23 08:37:57",57,12.52,20.83,34.37,39.14,115.1
"2022-06-23 08:37:58",58,12.52,20.83,34.39,39.14,115.1
"2022-06-23 08:37:59",59,12.52,20.83,34.38,39.14,115.1
"2022-06-23 08:38:00",60,12.52,20.83,34.36,39.14,115.1
"2022-06-23 08:38:01",61,12.52,20.83,34.42,39.14,115.1
"2022-06-23 08:38:02",62,12.52,20.83,34.43,39.14,115.1
"2022-06-23 08:38:03",63,12.52,20.8,34.39,39.14,115.1
"2022-06-23 08:38:04",64,12.52,20.83,34.43,39.14,115.1
"2022-06-23 08:38:05",65,12.52,20.83,33.9,39.14,115.1
"2022-06-23 08:38:06",66,12.52,20.83,32.4,39.14,115.1
"2022-06-23 08:38:07",67,12.52,20.83,31.23,37.33,114.4
"2022-06-23 08:38:08",68,12.52,20.83,30.24,34.61,113.3
"2022-06-23 08:38:09",69,12.52,20.8,29.15,31.9,112.3
"2022-06-23 08:38:10",70,12.52,20.83,30.55,30.09,111.6
"2022-06-23 08:38:11",71,12.52,20.83,28.79,28.28,110.9
"2022-06-23 08:38:12",72,12.52,20.83,1.066,26.47,110.2
"2022-06-23 08:38:13",73,12.52,20.83,3.185,24.66,109.5
"2022-06-23 08:38:14",74,12.52,20.8,1.5,22.86,108.8
"2022-06-23 08:38:15",75,12.52,20.83,1.75,21.95,108.5
"2022-06-23 08:38:16",76,12.52,20.83,1.998,21.05,108.1
"2022-06-23 08:38:17",77,12.52,20.83,1.964,19.24,107.4
"2022-06-23 08:38:18",78,12.52,20.83,1.81,19.24,107.4
"2022-06-23 08:38:19",79,12.52,20.8,1.551,18.34,107.1
"2022-06-23 08:38:20",80,12.52,20.8,1.38,17.43,106.7
"2022-06-23 08:38:21",81,12.52,20.8,1.201,16.53,106.4
"2022-06-23 08:38:22",82,12.52,20.8,1.072,15.63,106
"2022-06-23 08:38:23",83,12.52,20.83,0.989,15.63,106
"2022-06-23 08:38:24",84,12.52,20.83,0.929,14.72,105.7
"2022-06-23 08:38:25",85,12.52,20.83,0.861,13.82,105.3
"2022-06-23 08:38:26",86,12.52,20.83,0.809,13.82,105.3
"2022-06-23 08:38:27",87,12.52,20.83,0.741,12.92,105
"2022-06-23 08:38:28",88,12.52,20.83,0.698,12.92,105
"2022-06-23 08:38:29",89,12.52,20.83,0.681,12.02,104.6
"2022-06-23 08:38:30",90,12.52,20.83,0.672,12.02,104.6
"2022-06-23 08:38:31",91,12.52,20.83,0.629,12.02,104.6
"2022-06-23 08:38:32",92,12.52,20.83,0.621,11.11,104.3
"2022-06-23 08:38:33",93,12.52,20.83,0.604,11.11,104.3
"2022-06-23 08:38:34",94,12.52,20.83,0.604,11.11,104.3
"2022-06-23 08:38:35",95,12.52,20.83,0.569,10.21,103.9
"2022-06-23 08:38:36",96,12.52,20.83,0.544,10.21,103.9
"2022-06-23 08:38:37",97,12.52,20.83,0.535,10.21,103.9
"2022-06-23 08:38:38",98,12.52,20.83,0.535,10.21,103.9
"2022-06-23 08:38:39",99,12.52,20.83,0.518,9.31,103.6
"2022-06-23 08:38:40",100,12.52,20.83,0.501,9.31,103.6
"2022-06-23 08:38:41",101,12.52,20.83,0.501,9.31,103.6
"2022-06-23 08:38:42",102,12.52,20.83,0.501,9.31,103.6
"2022-06-23 08:38:43",103,12.52,20.83,0.467,8.4,103.2
"2022-06-23 08:38:44",104,12.52,20.83,0.458,8.4,103.2
"2022-06-23 08:38:45",105,12.52,20.83,0.441,8.4,103.2
"2022-06-23 08:38:46",106,12.52,20.83,0.415,8.4,103.2
"2022-06-23 08:38:47",107,12.52,20.83,0.449,8.4,103.2
"2022-06-23 08:38:48",108,12.52,20.83,0.424,8.4,103.2
"2022-06-23 08:38:49",109,12.52,20.83,0.424,7.5,102.9
"2022-06-23 08:38:50",110,12.52,20.83,0.415,7.5,102.9
"2022-06-23 08:38:51",111,12.52,20.83,0.415,7.5,102.9
"2022-06-23 08:38:52",112,12.52,20.83,0.398,7.5,102.9
"2022-06-23 08:38:53",113,12.52,20.83,0.389,7.5,102.9
"2022-06-23 08:38:54",114,12.52,20.83,0.381,7.5,102.9
"2022-06-23 08:38:55",115,12.52,20.83,0.372,7.5,102.9
"2022-06-23 08:38:56",116,12.52,20.83,0.381,6.597,102.5
"2022-06-23 08:38:57",117,12.52,20.83,0.381,6.597,102.5
"2022-06-23 08:38:58",118,12.52,20.83,0.364,6.597,102.5
"2022-06-23 08:38:59",119,12.52,20.83,0.338,6.597,102.5
"2022-06-23 08:39:00",120,12.52,20.83,0.364,6.597,102.5
"2022-06-23 08:39:01",121,12.52,20.83,0.364,6.597,102.5
"2022-06-23 08:39:02",122,12.52,20.83,0.347,6.597,102.5
"2022-06-23 08:39:03",123,12.52,20.83,0.347,6.597,102.5
"2022-06-23 08:39:04",124,12.52,20.83,0.338,6.597,102.5
"2022-06-23 08:39:05",125,12.52,20.83,0.355,6.597,102.5
"2022-06-23 08:39:06",126,12.52,20.83,0.338,6.597,102.5
"2022-06-23 08:39:07",127,12.52,20.83,0.347,6.597,102.5
"2022-06-23 08:39:08",128,12.52,20.83,0.355,6.597,102.5
"2022-06-23 08:39:09",129,12.52,20.83,0.338,6.597,102.5
"2022-06-23 08:39:10",130,12.52,20.83,0.338,6.597,102.5
"2022-06-23 08:39:11",131,12.52,20.83,0.338,5.694,102.2
"2022-06-23 08:39:12",132,12.52,20.83,0.321,6.597,102.5
"2022-06-23 08:39:13",133,12.52,20.83,0.321,5.694,102.2
"2022-06-23 08:39:14",134,12.52,20.83,0.338,5.694,102.2
"2022-06-23 08:39:15",135,12.52,20.83,0.312,5.694,102.2
"2022-06-23 08:39:16",136,12.52,20.83,0.312,5.694,102.2
"2022-06-23 08:39:17",137,12.52,20.83,0.304,5.694,102.2
"2022-06-23 08:39:18",138,12.52,20.83,0.312,5.694,102.2
"2022-06-23 08:39:19",139,12.52,20.83,0.312,5.694,102.2
"2022-06-23 08:39:20",140,12.52,20.83,0.33,5.694,102.2
"2022-06-23 08:39:21",141,12.52,20.83,0.33,5.694,102.2
"2022-06-23 08:39:22",142,12.52,20.83,0.304,5.694,102.2
"2022-06-23 08:39:23",143,12.52,20.83,0.338,5.694,102.2
"2022-06-23 08:39:24",144,12.52,20.83,0.295,5.694,102.2
"2022-06-23 08:39:25",145,12.52,20.83,0.295,5.694,102.2
"2022-06-23 08:39:26",146,12.52,20.83,0.304,5.694,102.2
"2022-06-23 08:39:27",147,12.52,20.83,0.304,5.694,102.2
"2022-06-23 08:39:28",148,12.52,20.83,0.287,5.694,102.2
"2022-06-23 08:39:29",149,12.52,20.83,0.304,5.694,102.2
"2022-06-23 08:39:30",150,12.52,20.83,0.312,5.694,102.2
"2022-06-23 08:39:31",151,12.52,20.83,0.304,5.694,102.2
"2022-06-23 08:39:32",152,12.52,20.83,0.295,5.694,102.2
"2022-06-23 08:39:33",153,12.52,20.83,0.312,5.694,102.2
"2022-06-23 08:39:34",154,12.52,20.83,0.312,5.694,102.2
"2022-06-23 08:39:35",155,12.52,20.83,0.312,5.694,102.2
"2022-06-23 08:39:36",156,12.52,20.83,0.304,5.694,102.2
"2022-06-23 08:39:37",157,12.52,20.83,0.347,5.694,102.2
"2022-06-23 08:39:38",158,12.52,20.83,0.321,5.694,102.2
"2022-06-23 08:39:39",159,12.52,20.83,0.312,5.694,102.2
"2022-06-23 08:39:40",160,12.52,20.83,0.321,5.694,102.2
"2022-06-23 08:39:41",161,12.52,20.83,0.295,5.694,102.2
"2022-06-23 08:39:42",162,12.52,20.83,0.304,5.694,102.2
"2022-06-23 08:39:43",163,12.52,20.83,0.321,5.694,102.2
"2022-06-23 08:39:44",164,12.52,20.83,0.321,5.694,102.2
"2022-06-23 08:39:45",165,12.52,20.83,0.295,5.694,102.2
"2022-06-23 08:39:46",166,12.52,20.83,0.27,5.694,102.2
"2022-06-23 08:39:47",167,12.52,20.83,0.304,5.694,102.2
"2022-06-23 08:39:48",168,12.52,20.83,0.295,5.694,102.2
"2022-06-23 08:39:49",169,12.52,20.83,0.295,5.694,102.2
"2022-06-23 08:39:50",170,12.52,20.83,0.304,5.694,102.2
"2022-06-23 08:39:51",171,12.52,20.83,0.304,5.694,102.2
"2022-06-23 08:39:52",172,12.52,20.83,0.312,5.694,102.2
"2022-06-23 08:39:53",173,12.52,20.83,0.321,5.694,102.2
"2022-06-23 08:39:54",174,12.52,20.83,0.321,5.694,102.2
"2022-06-23 08:39:55",175,12.52,20.83,0.312,5.694,102.2
"2022-06-23 08:39:56",176,12.52,20.83,0.312,5.694,102.2
"2022-06-23 08:39:57",177,12.52,20.83,0.304,5.694,102.2
"2022-06-23 08:39:58",178,12.52,20.83,0.304,5.694,102.2
"2022-06-23 08:39:59",179,12.52,20.83,0.304,5.694,102.2
"2022-06-23 08:40:00",180,12.52,20.83,0.304,5.694,102.2
"2022-06-23 08:40:01",181,12.52,20.83,0.304,5.696,102.2
"2022-06-23 08:40:02",182,12.52,20.83,0.33,5.696,102.2
"2022-06-23 08:40:03",183,12.52,20.83,0.313,5.696,102.2
"2022-06-23 08:40:04",184,12.52,20.83,0.304,5.696,102.2
"2022-06-23 08:40:05",185,12.52,20.83,0.304,5.696,102.2
"2022-06-23 08:40:06",186,12.52,20.83,0.295,5.696,102.2
"2022-06-23 08:40:07",187,12.52,20.83,0.304,5.696,102.2
"2022-06-23 08:40:08",188,12.52,20.83,0.313,4.793,101.8
"2022-06-23 08:40:09",189,12.52,20.83,0.313,5.696,102.2
"2022-06-23 08:40:10",190,12.52,20.83,0.313,4.793,101.8
"2022-06-23 08:40:11",191,12.52,20.83,0.313,4.793,101.8
"2022-06-23 08:40:12",192,12.52,20.83,0.304,5.696,102.2
"2022-06-23 08:40:13",193,12.52,20.83,0.295,4.793,101.8
"2022-06-23 08:40:14",194,12.52,20.83,0.278,4.793,101.8
"2022-06-23 08:40:15",195,12.52,20.83,0.278,4.793,101.8
"2022-06-23 08:40:16",196,12.52,20.83,0.235,4.793,101.8
"2022-06-23 08:40:17",197,12.52,20.83,0.295,5.696,102.2
"2022-06-23 08:40:18",198,12.52,20.83,0.287,5.696,102.2
"2022-06-23 08:40:19",199,12.52,20.83,0.304,4.793,101.8
"2022-06-23 08:40:20",200,12.52,20.83,0.287,4.793,101.8
"2022-06-23 08:40:21",201,12.52,20.83,0.27,4.793,101.8
"2022-06-23 08:40:22",202,12.52,20.83,0.287,4.793,101.8
"2022-06-23 08:40:23",203,12.52,20.83,0.313,4.793,101.8
"2022-06-23 08:40:24",204,12.52,20.83,0.295,5.696,102.2
"2022-06-23 08:40:25",205,12.52,20.83,0.295,4.793,101.8
"2022-06-23 08:40:26",206,12.52,20.83,0.278,4.793,101.8
"2022-06-23 08:40:27",207,12.52,20.83,0.313,4.793,101.8
"2022-06-23 08:40:28",208,12.52,20.83,0.304,4.793,101.8
"2022-06-23 08:40:29",209,12.52,20.83,0.295,4.793,101.8
"2022-06-23 08:40:30",210,12.52,20.83,0.321,4.793,101.8
"2022-06-23 08:40:31",211,12.52,20.83,0.313,4.793,101.8
"2022-06-23 08:40:32",212,12.52,20.83,0.295,4.793,101.8
"2022-06-23 08:40:33",213,12.52,20.83,0.304,4.793,101.8
"2022-06-23 08:40:34",214,12.52,20.83,0.304,4.793,101.8
"2022-06-23 08:40:35",215,12.52,20.83,0.304,4.793,101.8
"2022-06-23 08:40:36",216,12.52,20.83,0.313,4.793,101.8
"2022-06-23 08:40:37",217,12.52,20.83,0.313,4.793,101.8
"2022-06-23 08:40:38",218,12.52,20.83,0.287,4.793,101.8
"2022-06-23 08:40:39",219,12.52,20.85,0.34,4.793,101.8
"2022-06-23 08:40:40",220,12.52,20.85,0.323,4.793,101.8
"2022-06-23 08:40:41",221,12.52,20.85,0.323,4.793,101.8
"2022-06-23 08:40:42",222,12.52,20.83,0.295,4.793,101.8
"2022-06-23 08:40:43",223,12.52,20.83,0.304,4.793,101.8
"2022-06-23 08:40:44",224,12.52,20.85,0.323,4.793,101.8
"2022-06-23 08:40:45",225,12.52,20.85,0.34,4.793,101.8
"2022-06-23 08:40:46",226,12.52,20.83,0.304,4.793,101.8
"2022-06-23 08:40:47",227,12.52,20.83,0.33,4.793,101.8
"2022-06-23 08:40:48",228,12.52,20.85,0.323,4.793,101.8
"2022-06-23 08:40:49",229,12.52,20.85,0.315,4.793,101.8
"2022-06-23 08:40:50",230,12.52,20.83,0.295,4.793,101.8
"2022-06-23 08:40:51",231,12.52,20.85,0.306,4.793,101.8
"2022-06-23 08:40:52",232,12.52,20.85,0.332,4.793,101.8
"2022-06-23 08:40:53",233,12.52,20.83,0.295,4.793,101.8
"2022-06-23 08:40:54",234,12.52,20.85,0.332,4.793,101.8
"2022-06-23 08:40:55",235,12.52,20.85,0.306,4.793,101.8
"2022-06-23 08:40:56",236,12.52,20.85,0.34,4.793,101.8
"2022-06-23 08:40:57",237,12.52,20.85,0.34,4.793,101.8
"2022-06-23 08:40:58",238,12.52,20.85,0.323,4.793,101.8
"2022-06-23 08:40:59",239,12.52,20.83,0.313,4.793,101.8
"2022-06-23 08:41:00",240,12.52,20.85,0.34,4.793,101.8
"2022-06-23 08:41:01",241,12.52,20.85,0.332,4.793,101.8
"2022-06-23 08:41:02",242,12.52,20.85,0.332,4.793,101.8
"2022-06-23 08:41:03",243,12.52,20.85,0.315,4.793,101.8
"2022-06-23 08:41:04",244,12.52,20.83,0.304,4.793,101.8
"2022-06-23 08:41:05",245,12.52,20.83,0.287,4.793,101.8
"2022-06-23 08:41:06",246,12.52,20.85,0.332,4.793,101.8
"2022-06-23 08:41:07",247,12.52,20.83,0.295,4.793,101.8
"2022-06-23 08:41:08",248,12.52,20.83,0.295,4.793,101.8
"2022-06-23 08:41:09",249,12.52,20.83,0.278,4.793,101.8
"2022-06-23 08:41:10",250,12.52,20.85,0.306,4.793,101.8
"2022-06-23 08:41:11",251,12.52,20.83,0.304,4.793,101.8
"2022-06-23 08:41:12",252,12.52,20.85,0.349,4.793,101.8
"2022-06-23 08:41:13",253,12.52,20.85,0.323,4.793,101.8
"2022-06-23 08:41:14",254,12.52,20.85,0.34,4.793,101.8
"2022-06-23 08:41:15",255,12.52,20.83,0.313,4.793,101.8
"2022-06-23 08:41:16",256,12.52,20.85,0.357,4.793,101.8
"2022-06-23 08:41:17",257,12.52,20.85,0.357,4.793,101.8
"2022-06-23 08:41:18",258,12.52,20.83,0.33,4.793,101.8
"2022-06-23 08:41:19",259,12.52,20.85,0.375,4.793,101.8
"2022-06-23 08:41:20",260,12.52,20.85,0.375,4.793,101.8
"2022-06-23 08:41:21",261,12.52,20.83,0.364,4.793,101.8
"2022-06-23 08:41:22",262,12.52,20.85,0.375,4.793,101.8
"2022-06-23 08:41:23",263,12.52,20.83,0.364,4.793,101.8
"2022-06-23 08:41:24",264,12.52,20.83,0.347,4.793,101.8
"2022-06-23 08:41:25",265,12.52,20.83,0.347,4.793,101.8
"2022-06-23 08:41:26",266,12.52,20.83,0.364,4.793,101.8
"2022-06-23 08:41:27",267,12.52,20.85,0.392,4.793,101.8
"2022-06-23 08:41:28",268,12.52,20.85,0.375,4.793,101.8
"2022-06-23 08:41:29",269,12.52,20.85,0.392,4.793,101.8
"2022-06-23 08:41:30",270,12.52,20.85,0.375,4.793,101.8
"2022-06-23 08:41:31",271,12.52,20.85,0.375,4.793,101.8
"2022-06-23 08:41:32",272,12.52,20.85,0.383,4.793,101.8
"2022-06-23 08:41:33",273,12.52,20.8,0.302,4.795,101.8
"2022-06-23 08:41:34",274,12.52,20.83,0.339,4.795,101.8
"2022-06-23 08:41:35",275,12.52,20.83,0.321,4.795,101.8
"2022-06-23 08:41:36",276,12.52,20.83,0.339,4.795,101.8
"2022-06-23 08:41:37",277,12.52,20.83,0.347,4.795,101.8
"2022-06-23 08:41:38",278,12.52,20.83,0.339,4.795,101.8
"2022-06-23 08:41:39",279,12.52,20.83,0.33,4.795,101.8
"2022-06-23 08:41:40",280,12.52,20.83,0.339,4.795,101.8
"2022-06-23 08:41:41",281,12.52,20.83,0.364,4.795,101.8
"2022-06-23 08:41:42",282,12.52,20.83,0.356,4.795,101.8
"2022-06-23 08:41:43",283,12.52,20.83,0.356,4.795,101.8
"2022-06-23 08:41:44",284,12.52,20.83,0.364,4.795,101.8
"2022-06-23 08:41:45",285,12.52,20.83,0.381,4.795,101.8
"2022-06-23 08:41:46",286,12.52,20.83,0.356,4.795,101.8
"2022-06-23 08:41:47",287,12.52,20.83,0.373,4.795,101.8
"2022-06-23 08:41:48",288,12.52,20.83,0.39,4.795,101.8
"2022-06-23 08:41:49",289,12.52,20.83,0.39,4.795,101.8
"2022-06-23 08:41:50",290,12.52,20.83,0.407,4.795,101.8
"2022-06-23 08:41:51",291,12.52,20.83,0.416,4.795,101.8
"2022-06-23 08:41:52",292,12.52,20.8,0.379,4.795,101.8
"2022-06-23 08:41:53",293,12.52,20.83,0.399,4.795,101.8
"2022-06-23 08:41:54",294,12.52,20.83,0.416,4.795,101.8
"2022-06-23 08:41:55",295,12.52,20.83,0.424,4.795,101.8
"2022-06-23 08:41:56",296,12.52,20.83,0.45,4.795,101.8
"2022-06-23 08:41:57",297,12.52,20.83,0.441,4.795,101.8
"2022-06-23 08:41:58",298,12.52,20.83,0.424,4.795,101.8
"2022-06-23 08:41:59",299,12.52,20.83,0.45,4.795,101.8
"2022-06-23 08:42:00",300,12.52,20.83,0.407,4.795,101.8
"2022-06-23 08:42:01",301,12.52,20.83,0.407,4.795,101.8
"2022-06-23 08:42:02",302,12.52,20.83,0.407,4.795,101.8
"2022-06-23 08:42:03",303,12.52,20.83,0.399,4.795,101.8
"2022-06-23 08:42:04",304,12.52,20.83,0.399,4.795,101.8
"2022-06-23 08:42:05",305,12.52,20.83,0.381,4.795,101.8
"2022-06-23 08:42:06",306,12.52,20.83,0.381,4.795,101.8
"2022-06-23 08:42:07",307,12.52,20.83,0.39,4.795,101.8
"2022-06-23 08:42:08",308,12.52,20.83,0.373,4.795,101.8
"2022-06-23 08:42:09",309,12.52,20.83,0.39,4.795,101.8
"2022-06-23 08:42:10",310,12.52,20.83,0.373,4.795,101.8
"2022-06-23 08:42:11",311,12.52,20.83,0.381,4.795,101.8
"2022-06-23 08:42:12",312,12.52,20.83,0.364,4.795,101.8
"2022-06-23 08:42:13",313,12.52,20.83,0.381,3.892,101.5
"2022-06-23 08:42:14",314,12.52,20.83,0.364,4.795,101.8
"2022-06-23 08:42:15",315,12.52,20.83,0.364,4.795,101.8
"2022-06-23 08:42:16",316,12.52,20.83,0.381,4.795,101.8
"2022-06-23 08:42:17",317,12.52,20.83,0.399,3.892,101.5
"2022-06-23 08:42:18",318,12.52,20.83,0.416,4.795,101.8
"2022-06-23 08:42:19",319,12.52,20.8,0.405,4.795,101.8
"2022-06-23 08:42:20",320,12.52,20.83,0.416,4.795,101.8
"2022-06-23 08:42:21",321,12.52,20.83,0.441,4.795,101.8
"2022-06-23 08:42:22",322,12.52,20.83,0.441,4.795,101.8
"2022-06-23 08:42:23",323,12.52,20.83,0.416,4.795,101.8
"2022-06-23 08:42:24",324,12.52,20.83,0.424,4.795,101.8
"2022-06-23 08:42:25",325,12.52,20.83,0.399,4.795,101.8
"2022-06-23 08:42:26",326,12.52,20.83,0.407,4.795,101.8
"2022-06-23 08:42:27",327,12.52,20.83,0.39,4.795,101.8
"2022-06-23 08:42:28",328,12.52,20.83,0.424,4.795,101.8
"2022-06-23 08:42:29",329,12.52,20.83,0.39,4.795,101.8
"2022-06-23 08:42:30",330,12.52,20.83,0.399,4.795,101.8
"2022-06-23 08:42:31",331,12.52,20.83,0.39,4.795,101.8
"2022-06-23 08:42:32",332,12.52,20.83,0.373,4.795,101.8
"2022-06-23 08:42:33",333,12.52,20.83,0.373,4.795,101.8
"2022-06-23 08:42:34",334,12.52,20.83,0.364,4.795,101.8
"2022-06-23 08:42:35",335,12.52,20.83,0.373,4.795,101.8
"2022-06-23 08:42:36",336,12.52,20.83,0.373,4.795,101.8
"2022-06-23 08:42:37",337,12.52,20.83,0.356,4.795,101.8
"2022-06-23 08:42:38",338,12.52,20.83,0.356,4.795,101.8
"2022-06-23 08:42:39",339,12.52,20.83,0.347,4.795,101.8
"2022-06-23 08:42:40",340,12.52,20.83,0.347,4.795,101.8
"2022-06-23 08:42:41",341,12.52,20.83,0.347,4.795,101.8
"2022-06-23 08:42:42",342,12.52,20.83,0.356,4.795,101.8
"2022-06-23 08:42:43",343,12.52,20.83,0.347,4.795,101.8
"2022-06-23 08:42:44",344,12.52,20.83,0.356,4.795,101.8
"2022-06-23 08:42:45",345,12.52,20.83,0.347,4.795,101.8
"2022-06-23 08:42:46",346,12.52,20.83,0.339,4.795,101.8
"2022-06-23 08:42:47",347,12.52,20.83,0.339,4.795,101.8
"2022-06-23 08:42:48",348,12.52,20.83,0.347,4.795,101.8
"2022-06-23 08:42:49",349,12.52,20.8,0.319,4.795,101.8
"2022-06-23 08:42:50",350,12.52,20.83,0.321,4.795,101.8
"2022-06-23 08:42:51",351,12.52,20.83,0.356,4.795,101.8
"2022-06-23 08:42:52",352,12.52,20.83,0.33,4.795,101.8
"2022-06-23 08:42:53",353,12.52,20.83,0.33,4.795,101.8
"2022-06-23 08:42:54",354,12.52,20.83,0.296,4.795,101.8
"2022-06-23 08:42:55",355,12.52,20.83,0.33,4.795,101.8
"2022-06-23 08:42:56",356,12.52,20.83,0.313,4.795,101.8
"2022-06-23 08:42:57",357,12.52,20.83,0.321,4.795,101.8
"2022-06-23 08:42:58",358,12.52,20.83,0.321,4.795,101.8
"2022-06-23 08:42:59",359,12.52,20.83,0.321,4.795,101.8
"2022-06-23 08:43:00",360,12.52,20.83,0.296,4.795,101.8
"2022-06-23 08:43:01",361,12.52,20.83,0.313,4.795,101.8
"2022-06-23 08:43:02",362,12.52,20.83,0.313,4.795,101.8
"2022-06-23 08:43:03",363,12.52,20.83,0.313,4.795,101.8
"2022-06-23 08:43:04",364,12.52,20.83,0.321,4.795,101.8
"2022-06-23 08:43:05",365,12.52,20.83,0.313,4.796,101.8
"2022-06-23 08:43:06",366,12.52,20.83,0.33,4.796,101.8
"2022-06-23 08:43:07",367,12.52,20.83,0.313,4.796,101.8
"2022-06-23 08:43:08",368,12.52,20.83,0.322,4.796,101.8
"2022-06-23 08:43:09",369,12.52,20.83,0.296,4.796,101.8
"2022-06-23 08:43:10",370,12.52,20.83,0.33,4.796,101.8
"2022-06-23 08:43:11",371,12.52,20.83,0.322,4.796,101.8
"2022-06-23 08:43:12",372,12.52,20.83,0.313,4.796,101.8
"2022-06-23 08:43:13",373,12.52,20.83,0.313,4.796,101.8
"2022-06-23 08:43:14",374,12.52,20.83,0.304,4.796,101.8
"2022-06-23 08:43:15",375,12.52,20.83,0.304,4.796,101.8
"2022-06-23 08:43:16",376,12.52,20.83,0.313,4.796,101.8
"2022-06-23 08:43:17",377,12.52,20.83,0.313,4.796,101.8
"2022-06-23 08:43:18",378,12.52,20.83,0.304,4.796,101.8
"2022-06-23 08:43:19",379,12.52,20.83,0.296,4.796,101.8
"2022-06-23 08:43:20",380,12.52,20.83,0.313,4.796,101.8
"2022-06-23 08:43:21",381,12.52,20.83,0.287,4.796,101.8
"2022-06-23 08:43:22",382,12.52,20.83,0.322,4.796,101.8
"2022-06-23 08:43:23",383,12.52,20.83,0.313,4.796,101.8
"2022-06-23 08:43:24",384,12.52,20.83,0.313,4.796,101.8
"2022-06-23 08:43:25",385,12.52,20.83,0.304,4.796,101.8
"2022-06-23 08:43:26",386,12.52,20.83,0.339,4.796,101.8
"2022-06-23 09:57:04",4712,12.53,20.64,32.37,33.28,112.8
"2022-06-23 09:57:05",4713,12.53,20.64,32.36,33.28,112.8
"2022-06-23 09:57:06",4714,12.53,20.64,32.36,33.28,112.8
"2022-06-23 09:57:07",4715,12.53,20.64,32.33,33.28,112.8
"2022-06-23 09:57:08",4716,12.53,20.64,32.34,33.28,112.8
"2022-06-23 09:57:09",4717,12.53,20.64,32.34,33.28,112.8
"2022-06-23 09:57:10",4718,12.53,20.64,32.34,33.28,112.8
"2022-06-23 09:57:11",4719,12.53,20.64,32.35,33.28,112.8
"2022-06-23 09:57:12",4720,12.53,20.64,32.37,33.28,112.8
"2022-06-23 09:57:13",4721,12.53,20.64,32.37,33.28,112.8
"2022-06-23 09:57:14",4722,12.53,20.64,32.36,33.28,112.8
"2022-06-23 09:57:15",4723,12.53,20.64,32.36,33.28,112.8
"2022-06-23 09:57:16",4724,12.53,20.64,32.34,32.37,112.5
"2022-06-23 09:57:17",4725,12.53,20.64,32.34,32.37,112.5
"2022-06-23 09:57:18",4726,12.53,20.64,32.32,33.28,112.8
"2022-06-23 09:57:19",4727,12.53,20.64,32.32,32.37,112.5
"2022-06-23 09:57:20",4728,12.53,20.64,32.34,33.28,112.8
"2022-06-23 09:57:21",4729,12.53,20.64,32.33,32.37,112.5
"2022-06-23 09:57:22",4730,12.53,20.64,32.33,33.28,112.8
"2022-06-23 09:57:23",4731,12.53,20.64,32.32,33.28,112.8
"2022-06-23 09:57:24",4732,12.53,20.64,32.32,33.28,112.8
"2022-06-23 09:57:25",4733,12.53,20.64,32.32,32.37,112.5
"2022-06-23 09:57:26",4734,12.53,20.64,32.31,33.28,112.8
"2022-06-23 09:57:27",4735,12.53,20.64,32.31,32.37,112.5
"2022-06-23 09:57:28",4736,12.53,20.64,32.33,33.28,112.8
"2022-06-23 09:57:29",4737,12.53,20.64,32.32,33.28,112.8
"2022-06-23 09:57:30",4738,12.53,20.64,32.3,33.28,112.8
"2022-06-23 09:57:31",4739,12.53,20.64,32.33,32.37,112.5
"2022-06-23 09:57:32",4740,12.53,20.64,32.34,33.28,112.8
"2022-06-23 09:57:33",4741,12.53,20.64,32.34,32.37,112.5
"2022-06-23 09:57:34",4742,12.53,20.64,32.34,33.28,112.8
"2022-06-23 09:57:35",4743,12.53,20.64,32.37,32.37,112.5
"2022-06-23 09:57:36",4744,12.53,20.64,32.36,33.28,112.8
"2022-06-23 09:57:37",4745,12.53,20.64,32.34,32.37,112.5
"2022-06-23 09:57:38",4746,12.53,20.64,32.36,32.37,112.5
"2022-06-23 09:57:39",4747,12.53,20.64,32.34,32.37,112.5
"2022-06-23 09:57:40",4748,12.53,20.64,32.34,32.37,112.5
"2022-06-23 09:57:41",4749,12.53,20.64,32.36,32.37,112.5
"2022-06-23 09:57:42",4750,12.53,20.64,32.33,33.28,112.8
"2022-06-23 09:57:43",4751,12.53,20.64,32.34,32.37,112.5
"2022-06-23 09:57:44",4752,12.53,20.64,32.34,32.37,112.5
"2022-06-23 09:57:45",4753,12.53,20.64,32.34,32.37,112.5
"2022-06-23 09:57:46",4754,12.53,20.64,32.32,33.28,112.8
"2022-06-23 09:57:47",4755,12.53,20.64,32.29,32.37,112.5
"2022-06-23 09:57:48",4756,12.52,20.64,32.31,32.37,112.5
"2022-06-23 09:57:49",4757,12.53,20.64,32.29,32.37,112.5
"2022-06-23 09:57:50",4758,12.53,20.64,32.29,32.37,112.5
"2022-06-23 09:57:51",4759,12.53,20.64,32.28,32.37,112.5
"2022-06-23 09:57:52",4760,12.53,20.64,32.29,32.37,112.5
"2022-06-23 09:57:53",4761,12.53,20.64,32.28,32.37,112.5
"2022-06-23 09:57:54",4762,12.53,20.64,32.27,32.37,112.5
"2022-06-23 09:57:55",4763,12.53,20.64,32.27,33.28,112.8
"2022-06-23 09:57:56",4764,12.53,20.64,32.27,32.37,112.5
"2022-06-23 09:57:57",4765,12.53,20.64,32.24,33.28,112.8
"2022-06-23 09:57:58",4766,12.53,20.64,32.27,32.37,112.5
"2022-06-23 09:57:59",4767,12.53,20.64,32.24,32.37,112.5
"2022-06-23 09:58:00",4768,12.53,20.64,32.24,32.37,112.5
"2022-06-23 09:58:01",4769,12.53,20.64,32.21,33.28,112.8
"2022-06-23 09:58:02",4770,12.53,20.64,32.23,33.28,112.8
"2022-06-23 09:58:03",4771,12.53,20.64,32.24,32.37,112.5
"2022-06-23 09:58:04",4772,12.53,20.64,32.26,32.37,112.5
"2022-06-23 09:58:05",4773,12.53,20.64,32.23,32.37,112.5
"2022-06-23 09:58:06",4774,12.53,20.64,32.26,32.37,112.5
"2022-06-23 09:58:07",4775,12.53,20.64,32.21,32.37,112.5
"2022-06-23 09:58:08",4776,12.53,20.64,32.22,32.37,112.5
"2022-06-23 09:58:09",4777,12.53,20.64,32.23,32.37,112.5
"2022-06-23 09:58:10",4778,12.53,20.64,32.23,32.37,112.5
"2022-06-23 09:58:11",4779,12.53,20.64,32.24,32.37,112.5
"2022-06-23 09:58:12",4780,12.53,20.64,32.22,32.37,112.5
"2022-06-23 09:58:13",4781,12.53,20.64,32.25,32.37,112.5
"2022-06-23 09:58:14",4782,12.53,20.64,32.22,32.37,112.5
"2022-06-23 09:58:15",4783,12.53,20.64,32.22,32.37,112.5
"2022-06-23 09:58:16",4784,12.53,20.64,32.23,32.37,112.5
"2022-06-23 09:58:17",4785,12.53,20.64,32.22,32.37,112.5
"2022-06-23 09:58:18",4786,12.53,20.64,32.22,32.37,112.5
"2022-06-23 09:58:19",4787,12.53,20.64,32.22,32.37,112.5
"2022-06-23 09:58:20",4788,12.53,20.64,32.2,32.37,112.5
"2022-06-23 09:58:21",4789,12.53,20.64,32.2,32.37,112.5
"2022-06-23 09:58:22",4790,12.53,20.64,32.23,32.37,112.5
"2022-06-23 09:58:23",4791,12.53,20.64,32.24,32.37,112.5
"2022-06-23 09:58:24",4792,12.53,20.64,32.24,32.37,112.5
"2022-06-23 09:58:25",4793,12.53,20.64,32.24,32.37,112.5
"2022-06-23 09:58:26",4794,12.53,20.64,32.25,32.37,112.5
"2022-06-23 09:58:27",4795,12.53,20.64,32.24,32.37,112.5
"2022-06-23 09:58:28",4796,12.53,20.64,32.24,32.37,112.5
"2022-06-23 09:58:29",4797,12.53,20.64,32.23,32.37,112.5
"2022-06-23 09:58:30",4798,12.53,20.64,32.22,32.37,112.5
"2022-06-23 09:58:31",4799,12.53,20.64,32.19,32.37,112.5
"2022-06-23 09:58:32",4800,12.53,20.64,32.22,32.37,112.5
"2022-06-23 09:58:33",4801,12.53,20.64,32.2,32.37,112.5
"2022-06-23 09:58:34",4802,12.53,20.64,32.19,32.37,112.5
"2022-06-23 09:58:35",4803,12.53,20.64,32.18,32.37,112.5
"2022-06-23 09:58:36",4804,12.53,20.64,32.18,32.37,112.5
"2022-06-23 09:58:37",4805,12.53,20.64,32.18,32.37,112.5
"2022-06-23 09:58:38",4806,12.53,20.64,32.17,32.37,112.5
"2022-06-23 09:58:39",4807,12.53,20.64,32.18,32.37,112.5
"2022-06-23 09:58:40",4808,12.53,20.64,32.17,32.37,112.5
"2022-06-23 09:58:41",4809,12.53,20.64,32.16,32.37,112.5
"2022-06-23 09:58:42",4810,12.53,20.64,32.17,32.37,112.5
"2022-06-23 09:58:43",4811,12.53,20.64,32.15,32.37,112.5
"2022-06-23 09:58:44",4812,12.53,20.64,32.15,32.37,112.5
"2022-06-23 09:58:45",4813,12.53,20.64,32.13,32.37,112.5
"2022-06-23 09:58:46",4814,12.53,20.64,32.14,32.37,112.5
"2022-06-23 09:58:47",4815,12.53,20.64,32.14,32.37,112.5
"2022-06-23 09:58:48",4816,12.53,20.64,32.15,32.37,112.5
"2022-06-23 09:58:49",4817,12.53,20.64,32.14,32.37,112.5
"2022-06-23 09:58:50",4818,12.53,20.64,32.15,32.37,112.5
"2022-06-23 09:58:51",4819,12.53,20.64,32.16,32.37,112.5
"2022-06-23 09:58:52",4820,12.53,20.64,32.17,32.37,112.5
"2022-06-23 09:58:53",4821,12.53,20.64,32.14,32.37,112.5
"2022-06-23 09:58:54",4822,12.53,20.64,32.14,32.37,112.5
"2022-06-23 09:58:55",4823,12.53,20.64,32.16,32.37,112.5
"2022-06-23 09:58:56",4824,12.53,20.64,32.18,32.37,112.5
"2022-06-23 09:58:57",4825,12.53,20.64,32.17,32.37,112.5
"2022-06-23 09:58:58",4826,12.53,20.64,32.16,32.37,112.5
"2022-06-23 09:58:59",4827,12.53,20.64,32.14,32.37,112.5
"2022-06-23 09:59:00",4828,12.53,20.64,32.18,32.37,112.5
"2022-06-23 09:59:01",4829,12.53,20.64,32.16,32.37,112.5
"2022-06-23 09:59:02",4830,12.53,20.64,32.14,32.37,112.5
"2022-06-23 09:59:03",4831,12.53,20.64,32.13,32.37,112.5
"2022-06-23 09:59:04",4832,12.52,20.64,32.14,32.37,112.5
"2022-06-23 09:59:05",4833,12.53,20.64,32.14,32.37,112.5
"2022-06-23 09:59:06",4834,12.53,20.64,32.14,32.37,112.5
"2022-06-23 09:59:07",4835,12.53,20.64,32.12,32.37,112.5
"2022-06-23 09:59:08",4836,12.53,20.64,32.12,32.37,112.5
"2022-06-23 09:59:09",4837,12.53,20.64,32.11,32.37,112.5
"2022-06-23 09:59:10",4838,12.53,20.64,32.12,32.37,112.5
"2022-06-23 09:59:11",4839,12.53,20.64,32.14,32.37,112.5
"2022-06-23 09:59:12",4840,12.53,20.64,32.14,32.37,112.5
"2022-06-23 09:59:13",4841,12.53,20.64,32.14,32.37,112.5
"2022-06-23 09:59:14",4842,12.53,20.64,32.14,32.37,112.5
"2022-06-23 09:59:15",4843,12.53,20.64,32.15,32.37,112.5
"2022-06-23 09:59:16",4844,12.53,20.64,32.18,32.37,112.5
"2022-06-23 09:59:17",4845,12.53,20.64,32.16,32.37,112.5
"2022-06-23 09:59:18",4846,12.53,20.64,32.14,32.37,112.5
"2022-06-23 09:59:19",4847,12.53,20.64,32.12,32.37,112.5
"2022-06-23 09:59:20",4848,12.53,20.64,32.11,32.37,112.5
"2022-06-23 09:59:21",4849,12.53,20.64,32.12,32.37,112.5
"2022-06-23 09:59:22",4850,12.53,20.64,32.15,32.37,112.5
"2022-06-23 09:59:23",4851,12.53,20.64,32.14,32.37,112.5
"2022-06-23 09:59:24",4852,12.53,20.64,32.18,32.37,112.5
"2022-06-23 09:59:25",4853,12.53,20.64,32.35,32.37,112.5
"2022-06-23 09:59:26",4854,12.53,20.64,32.53,32.37,112.5
"2022-06-23 09:59:27",4855,12.53,20.64,32.68,32.37,112.5
"2022-06-23 09:59:28",4856,12.53,20.64,32.51,32.37,112.5
"2022-06-23 09:59:29",4857,12.53,20.64,32.39,33.28,112.8
"2022-06-23 09:59:30",4858,12.53,20.64,32.37,33.28,112.8
"2022-06-23 09:59:31",4859,12.53,20.64,32.33,33.28,112.8
"2022-06-23 09:59:32",4860,12.53,20.64,32.3,33.28,112.8
"2022-06-23 09:59:33",4861,12.53,20.64,32.28,33.28,112.8
"2022-06-23 09:59:34",4862,12.53,20.64,32.29,33.28,112.8
"2022-06-23 09:59:35",4863,12.53,20.64,32.62,34.18,113.2
"2022-06-23 09:59:36",4864,12.53,20.64,33.31,34.18,113.2
"2022-06-23 09:59:37",4865,12.53,20.64,33.79,34.18,113.2
"2022-06-23 09:59:38",4866,12.53,20.64,34.23,34.18,113.2
"2022-06-23 09:59:39",4867,12.53,20.64,34.64,34.18,113.2
"2022-06-23 09:59:40",4868,12.53,20.64,34.79,34.18,113.2
"2022-06-23 09:59:41",4869,12.53,20.64,34.8,34.18,113.2
"2022-06-23 09:59:42",4870,12.53,20.64,34.88,34.18,113.2
"2022-06-23 09:59:43",4871,12.53,20.64,35.07,35.09,113.5
"2022-06-23 09:59:44",4872,12.53,20.64,45.59,35.09,113.5
"2022-06-23 09:59:45",4873,12.53,20.64,42.99,35.09,113.5
"2022-06-23 09:59:46",4874,12.53,20.64,43.58,35.09,113.5
"2022-06-23 09:59:47",4875,12.53,20.64,43.21,35.09,113.5
"2022-06-23 09:59:48",4876,12.53,20.64,40.93,35.09,113.5
"2022-06-23 09:59:49",4877,12.53,20.64,39.84,35.09,113.5
"2022-06-23 09:59:50",4878,12.53,20.64,40.1,35.99,113.9
"2022-06-23 09:59:51",4879,12.53,20.64,40.31,35.99,113.9
"2022-06-23 09:59:52",4880,12.53,20.64,39.97,36.9,114.2
"2022-06-23 09:59:53",4881,12.53,20.64,39.7,36.9,114.2
"2022-06-23 09:59:54",4882,12.53,20.64,39.57,36.9,114.2
"2022-06-23 09:59:55",4883,12.53,20.64,39.76,37.8,114.6
"2022-06-23 09:59:56",4884,12.53,20.64,39.96,37.8,114.6
"2022-06-23 09:59:57",4885,12.53,20.64,40.14,38.71,114.9
"2022-06-23 09:59:58",4886,12.53,20.64,40.35,38.71,114.9
"2022-06-23 09:59:59",4887,12.53,20.64,40.45,38.71,114.9
"2022-06-23 10:00:00",4888,12.53,20.64,40.36,38.71,114.9
"2022-06-23 10:00:01",4889,12.53,20.64,40.37,39.62,115.3
"2022-06-23 10:00:02",4890,12.53,20.64,40.43,39.62,115.3
"2022-06-23 10:00:03",4891,12.53,20.64,40.48,39.62,115.3
"2022-06-23 10:00:04",4892,12.53,20.64,40.55,39.62,115.3
"2022-06-23 10:00:05",4893,12.53,20.64,40.55,39.62,115.3
"2022-06-23 10:00:06",4894,12.53,20.64,40.45,39.62,115.3
"2022-06-23 10:00:07",4895,12.53,20.64,40.21,39.62,115.3
"2022-06-23 10:00:08",4896,12.53,20.64,39.92,39.62,115.3
"2022-06-23 10:00:09",4897,12.53,20.64,39.75,39.62,115.3
"2022-06-23 10:00:10",4898,12.53,20.64,39.6,39.62,115.3
"2022-06-23 10:00:11",4899,12.53,20.64,39.42,40.52,115.6
"2022-06-23 10:00:12",4900,12.53,20.64,39.32,40.52,115.6
"2022-06-23 10:00:13",4901,12.53,20.64,39.37,40.52,115.6
"2022-06-23 10:00:14",4902,12.53,20.64,39.49,40.52,115.6
"2022-06-23 10:00:15",4903,12.53,20.64,39.63,40.52,115.6
"2022-06-23 10:00:16",4904,12.53,20.64,39.75,40.52,115.6
"2022-06-23 10:00:17",4905,12.53,20.64,39.86,40.52,115.6
"2022-06-23 10:00:18",4906,12.53,20.64,39.97,40.52,115.6
"2022-06-23 10:00:19",4907,12.53,20.64,40.05,40.52,115.6
"2022-06-23 10:00:20",4908,12.53,20.64,40.16,40.52,115.6
"2022-06-23 10:00:21",4909,12.53,20.64,40.26,40.52,115.6
"2022-06-23 10:00:22",4910,12.53,20.64,40.38,40.52,115.6
"2022-06-23 10:00:23",4911,12.53,20.64,40.45,40.52,115.6
"2022-06-23 10:00:24",4912,12.53,20.64,40.48,40.52,115.6
"2022-06-23 10:00:25",4913,12.53,20.64,40.39,40.52,115.6
"2022-06-23 10:00:26",4914,12.53,20.64,40.17,40.52,115.6
"2022-06-23 10:00:27",4915,12.53,20.64,39.91,40.52,115.6
"2022-06-23 10:00:28",4916,12.53,20.64,39.79,41.43,115.9
"2022-06-23 10:00:29",4917,12.53,20.64,39.75,41.43,115.9
"2022-06-23 10:00:30",4918,12.53,20.64,39.77,41.43,115.9
"2022-06-23 10:00:31",4919,12.53,20.64,39.79,41.43,115.9
"2022-06-23 10:00:32",4920,12.53,20.64,39.79,41.43,115.9
"2022-06-23 10:00:33",4921,12.53,20.64,39.67,41.43,115.9
"2022-06-23 10:00:34",4922,12.53,20.64,39.42,41.43,115.9
"2022-06-23 10:00:35",4923,12.53,20.64,39.34,41.43,115.9
"2022-06-23 10:00:36",4924,12.53,20.64,39.32,41.43,115.9
"2022-06-23 10:00:37",4925,12.53,20.64,39.33,41.43,115.9
"2022-06-23 10:00:38",4926,12.53,20.64,39.42,41.43,115.9
"2022-06-23 10:00:39",4927,12.53,20.64,39.45,41.43,115.9
"2022-06-23 10:00:40",4928,12.53,20.64,39.51,41.43,115.9
"2022-06-23 10:00:41",4929,12.53,20.64,39.54,41.43,115.9
"2022-06-23 10:00:42",4930,12.53,20.64,39.61,41.43,115.9
"2022-06-23 10:00:43",4931,12.53,20.64,39.7,41.43,115.9
"2022-06-23 10:00:44",4932,12.53,20.64,39.79,41.43,115.9
"2022-06-23 10:00:45",4933,12.53,20.64,39.88,41.43,115.9
"2022-06-23 10:00:46",4934,12.53,20.64,39.99,41.43,115.9
"2022-06-23 10:00:47",4935,12.53,20.64,40.08,41.43,115.9
"2022-06-23 10:00:48",4936,12.53,20.64,40.19,41.43,115.9
"2022-06-23 10:00:49",4937,12.53,20.64,40.26,41.43,115.9
"2022-06-23 10:00:50",4938,12.53,20.64,40.34,41.43,115.9
"2022-06-23 10:00:51",4939,12.53,20.64,40.45,41.43,115.9
"2022-06-23 10:00:52",4940,12.53,20.64,40.45,41.43,115.9
"2022-06-23 10:00:53",4941,12.53,20.64,40.42,41.43,115.9
"2022-06-23 10:00:54",4942,12.53,20.64,40.36,41.43,115.9
"2022-06-23 10:00:55",4943,12.53,20.64,40.23,41.43,115.9
"2022-06-23 10:00:56",4944,12.53,20.64,40.12,41.43,115.9
"2022-06-23 10:00:57",4945,12.53,20.64,40.09,41.43,115.9
"2022-06-23 10:00:58",4946,12.53,20.64,40.14,41.43,115.9
"2022-06-23 10:00:59",4947,12.53,20.64,40.23,41.43,115.9
"2022-06-23 10:01:00",4948,12.53,20.64,40.32,41.43,115.9
"2022-06-23 10:01:01",4949,12.53,20.61,40.41,41.43,115.9
"2022-06-23 10:01:02",4950,12.53,20.64,40.54,41.43,115.9
"2022-06-23 10:01:03",4951,12.53,20.64,40.65,41.43,115.9
"2022-06-23 10:01:04",4952,12.53,20.64,40.7,41.43,115.9
"2022-06-23 10:01:05",4953,12.53,20.64,40.69,41.43,115.9
"2022-06-23 10:01:06",4954,12.53,20.64,40.59,41.43,115.9
"2022-06-23 10:01:07",4955,12.53,20.64,40.43,41.43,115.9
"2022-06-23 10:01:08",4956,12.53,20.64,40.26,41.43,115.9
"2022-06-23 10:01:09",4957,12.53,20.64,40.19,41.43,115.9
"2022-06-23 10:01:10",4958,12.53,20.64,40.2,41.43,115.9
"2022-06-23 10:01:11",4959,12.53,20.64,40.27,41.43,115.9
"2022-06-23 10:01:12",4960,12.53,20.61,40.3,41.43,115.9
"2022-06-23 10:01:13",4961,12.53,20.64,40.37,41.43,115.9
"2022-06-23 10:01:14",4962,12.53,20.64,40.42,41.43,115.9
"2022-06-23 10:01:15",4963,12.53,20.64,40.48,41.43,115.9
"2022-06-23 10:01:16",4964,12.53,20.64,40.54,41.43,115.9
"2022-06-23 10:01:17",4965,12.53,20.64,40.62,41.43,115.9
"2022-06-23 10:01:18",4966,12.53,20.64,40.65,41.43,115.9
"2022-06-23 10:01:19",4967,12.53,20.64,40.64,41.43,115.9
"2022-06-23 10:01:20",4968,12.53,20.64,40.65,41.43,115.9
"2022-06-23 10:01:21",4969,12.53,20.64,40.59,41.43,115.9
"2022-06-23 10:01:22",4970,12.53,20.64,40.54,41.43,115.9
"2022-06-23 10:01:23",4971,12.53,20.64,40.47,41.43,115.9
"2022-06-23 10:01:24",4972,12.53,20.64,40.43,41.43,115.9
"2022-06-23 10:01:25",4973,12.53,20.61,40.39,41.43,115.9
"2022-06-23 10:01:26",4974,12.53,20.61,40.34,42.33,116.3
"2022-06-23 10:01:27",4975,12.53,20.64,40.4,41.43,115.9
"2022-06-23 10:01:28",4976,12.53,20.64,40.39,41.43,115.9
"2022-06-23 10:01:29",4977,12.53,20.61,40.37,41.43,115.9
"2022-06-23 10:01:30",4978,12.53,20.64,40.43,41.43,115.9
"2022-06-23 10:01:31",4979,12.53,20.64,40.46,42.33,116.3
"2022-06-23 10:01:32",4980,12.53,20.64,40.47,42.33,116.3
"2022-06-23 10:01:33",4981,12.53,20.64,40.49,42.33,116.3
"2022-06-23 10:01:34",4982,12.53,20.64,40.5,42.33,116.3
"2022-06-23 10:01:35",4983,12.53,20.64,40.54,42.33,116.3
"2022-06-23 10:01:36",4984,12.53,20.64,40.54,42.33,116.3
"2022-06-23 10:01:37",4985,12.53,20.64,40.55,42.33,116.3
"2022-06-23 10:01:38",4986,12.53,20.64,40.57,42.33,116.3
"2022-06-23 10:01:39",4987,12.53,20.64,40.58,42.33,116.3
"2022-06-23 10:01:40",4988,12.53,20.64,40.6,42.33,116.3
"2022-06-23 10:01:41",4989,12.53,20.61,40.6,42.33,116.3
"2022-06-23 10:01:42",4990,12.53,20.64,40.66,42.33,116.3
"2022-06-23 10:01:43",4991,12.53,20.64,40.68,42.33,116.3
"2022-06-23 10:01:44",4992,12.53,20.64,40.71,42.33,116.3
"2022-06-23 10:01:45",4993,12.53,20.64,40.71,42.33,116.3
"2022-06-23 10:01:46",4994,12.53,20.64,40.73,42.33,116.3
"2022-06-23 10:01:47",4995,12.53,20.64,40.72,42.33,116.3
"2022-06-23 10:01:48",4996,12.53,20.64,40.72,42.33,116.3
"2022-06-23 10:01:49",4997,12.53,20.64,40.73,42.33,116.3
"2022-06-23 10:01:50",4998,12.53,20.64,40.72,42.33,116.3
"2022-06-23 10:01:51",4999,12.53,20.64,40.68,42.33,116.3
"2022-06-23 10:01:52",5000,12.53,20.64,40.7,42.33,116.3
"2022-06-23 10:01:53",5001,12.53,20.64,40.68,42.33,116.3
"2022-06-23 10:01:54",5002,12.53,20.61,40.66,42.33,116.3
"2022-06-23 10:01:55",5003,12.53,20.64,40.66,42.33,116.3
"2022-06-23 10:01:56",5004,12.53,20.64,40.66,42.33,116.3
"2022-06-23 10:01:57",5005,12.53,20.64,40.63,42.33,116.3
"2022-06-23 10:01:58",5006,12.53,20.64,40.64,42.33,116.3
"2022-06-23 10:01:59",5007,12.53,20.64,40.64,42.33,116.3
"2022-06-23 10:02:00",5008,12.53,20.64,40.64,42.33,116.3
"2022-06-23 10:02:01",5009,12.53,20.64,40.64,42.33,116.3
"2022-06-23 10:02:02",5010,12.53,20.64,40.66,42.33,116.3
"2022-06-23 10:02:03",5011,12.53,20.64,40.69,42.33,116.3
"2022-06-23 10:02:04",5012,12.53,20.64,40.71,42.33,116.3
"2022-06-23 10:02:05",5013,12.53,20.64,40.71,42.33,116.3
"2022-06-23 10:02:06",5014,12.53,20.64,40.71,42.33,116.3
"2022-06-23 10:02:07",5015,12.53,20.64,40.73,42.33,116.3
"2022-06-23 10:02:08",5016,12.53,20.64,40.73,42.33,116.3
"2022-06-23 10:02:09",5017,12.53,20.64,40.74,42.33,116.3
"2022-06-23 10:02:10",5018,12.53,20.64,40.77,42.33,116.3
"2022-06-23 10:02:11",5019,12.53,20.64,40.78,42.33,116.3
"2022-06-23 10:02:12",5020,12.53,20.61,40.73,42.33,116.3
"2022-06-23 10:02:13",5021,12.53,20.64,40.75,42.33,116.3
"2022-06-23 10:02:14",5022,12.53,20.64,40.77,42.33,116.3
"2022-06-23 10:02:15",5023,12.53,20.64,40.74,42.33,116.3
"2022-06-23 10:02:16",5024,12.53,20.64,40.73,42.33,116.3
"2022-06-23 10:02:17",5025,12.53,20.61,40.71,42.33,116.3
"2022-06-23 10:02:18",5026,12.53,20.64,40.74,42.33,116.3
"2022-06-23 10:02:19",5027,12.53,20.64,40.73,42.33,116.3
"2022-06-23 10:02:20",5028,12.53,20.61,40.72,42.33,116.3
"2022-06-23 10:02:21",5029,12.53,20.64,40.76,42.33,116.3
"2022-06-23 10:02:22",5030,12.53,20.64,40.76,42.33,116.3
"2022-06-23 10:02:23",5031,12.53,20.64,40.78,42.33,116.3
"2022-06-23 10:02:24",5032,12.53,20.64,40.77,42.33,116.3
"2022-06-23 10:02:25",5033,12.53,20.64,40.77,42.33,116.3
"2022-06-23 10:02:26",5034,12.53,20.64,40.77,42.33,116.3
"2022-06-23 10:02:27",5035,12.53,20.64,40.77,42.33,116.3
"2022-06-23 10:02:28",5036,12.53,20.64,40.75,42.33,116.3
"2022-06-23 10:02:29",5037,12.53,20.64,40.75,42.33,116.3
"2022-06-23 10:02:30",5038,12.53,20.64,40.78,42.33,116.3
"2022-06-23 10:02:31",5039,12.53,20.64,40.79,42.33,116.3
"2022-06-23 10:02:32",5040,12.53,20.64,40.78,42.33,116.3
"2022-06-23 10:02:33",5041,12.53,20.64,40.8,42.33,116.3
"2022-06-23 10:02:34",5042,12.53,20.64,40.8,42.33,116.3
"2022-06-23 10:02:35",5043,12.53,20.64,40.79,42.33,116.3
"2022-06-23 10:02:36",5044,12.53,20.64,40.82,42.33,116.3
"2022-06-23 10:02:37",5045,12.53,20.64,40.8,42.33,116.3
"2022-06-23 10:02:38",5046,12.53,20.64,40.82,42.33,116.3
"2022-06-23 10:02:39",5047,12.53,20.64,40.81,42.33,116.3
"2022-06-23 10:02:40",5048,12.53,20.64,40.85,42.33,116.3
"2022-06-23 10:02:41",5049,12.53,20.64,40.83,42.33,116.3
"2022-06-23 10:02:42",5050,12.53,20.64,40.86,42.33,116.3
"2022-06-23 10:02:43",5051,12.53,20.64,40.83,42.33,116.3
"2022-06-23 10:02:44",5052,12.52,20.64,40.81,42.33,116.3
"2022-06-23 10:02:45",5053,12.53,20.64,40.82,42.33,116.3
"2022-06-23 10:02:46",5054,12.53,20.64,40.8,42.33,116.3
"2022-06-23 10:02:47",5055,12.53,20.61,40.76,42.33,116.3
"2022-06-23 10:02:48",5056,12.53,20.64,40.8,42.33,116.3
"2022-06-23 10:02:49",5057,12.53,20.64,40.83,42.33,116.3
"2022-06-23 10:02:50",5058,12.53,20.64,40.85,42.33,116.3
"2022-06-23 10:02:51",5059,12.53,20.64,40.86,42.33,116.3
"2022-06-23 10:02:52",5060,12.53,20.64,40.87,42.33,116.3
"2022-06-23 10:02:53",5061,12.53,20.64,40.88,42.33,116.3
"2022-06-23 10:02:54",5062,12.53,20.64,40.91,42.33,116.3
"2022-06-23 10:02:55",5063,12.53,20.64,40.89,42.33,116.3
"2022-06-23 10:02:56",5064,12.53,20.64,40.89,42.33,116.3
"2022-06-23 10:02:57",5065,12.53,20.64,40.9,42.33,116.3
"2022-06-23 10:02:58",5066,12.53,20.61,40.86,42.33,116.3
"2022-06-23 10:02:59",5067,12.53,20.64,40.87,42.33,116.3
"2022-06-23 10:03:00",5068,12.53,20.64,40.87,42.33,116.3
"2022-06-23 10:03:01",5069,12.53,20.64,40.86,42.33,116.3
"2022-06-23 10:03:02",5070,12.53,20.64,40.85,42.33,116.3
"2022-06-23 10:03:03",5071,12.53,20.64,40.84,42.33,116.3
"2022-06-23 10:03:04",5072,12.53,20.64,40.85,42.33,116.3
"2022-06-23 10:03:05",5073,12.53,20.64,40.82,42.33,116.3
"2022-06-23 10:03:06",5074,12.53,20.64,40.86,42.33,116.3
"2022-06-23 10:03:07",5075,12.53,20.64,40.86,42.33,116.3
"2022-06-23 10:03:08",5076,12.53,20.64,40.85,42.33,116.3
"2022-06-23 10:03:09",5077,12.53,20.64,40.83,42.33,116.3
"2022-06-23 10:03:10",5078,12.53,20.64,40.85,42.33,116.3
"2022-06-23 10:03:11",5079,12.53,20.64,40.86,42.33,116.3
"2022-06-23 10:03:12",5080,12.53,20.64,40.85,42.33,116.3
"2022-06-23 10:03:13",5081,12.53,20.64,40.85,42.33,116.3
"2022-06-23 10:03:14",5082,12.53,20.64,40.85,42.33,116.3
"2022-06-23 10:03:15",5083,12.53,20.64,40.84,42.33,116.3
"2022-06-23 10:03:16",5084,12.53,20.64,40.83,42.33,116.3
"2022-06-23 10:03:17",5085,12.53,20.64,40.83,42.33,116.3
"2022-06-23 10:03:18",5086,12.53,20.64,40.85,42.33,116.3
"2022-06-23 10:03:19",5087,12.53,20.64,40.83,42.33,116.3
"2022-06-23 10:03:20",5088,12.53,20.64,40.86,42.33,116.3
"2022-06-23 10:03:21",5089,12.53,20.64,40.86,42.33,116.3
"2022-06-23 10:03:22",5090,12.53,20.64,40.87,42.33,116.3
"2022-06-23 10:03:23",5091,12.53,20.64,40.87,42.33,116.3
"2022-06-23 10:03:24",5092,12.53,20.64,40.87,42.33,116.3
"2022-06-23 10:03:25",5093,12.53,20.64,40.87,42.33,116.3
"2022-06-23 10:03:26",5094,12.53,20.64,40.86,42.33,116.3
"2022-06-23 10:03:27",5095,12.53,20.64,40.88,42.33,116.3
"2022-06-23 10:03:28",5096,12.53,20.64,40.87,42.33,116.3
"2022-06-23 10:03:29",5097,12.53,20.64,40.87,42.33,116.3
"2022-06-23 10:03:30",5098,12.53,20.64,40.89,42.33,116.3
"2022-06-23 10:03:31",5099,12.53,20.64,40.9,42.33,116.3
"2022-06-23 10:03:32",5100,12.53,20.64,40.88,42.33,116.3
"2022-06-23 10:03:33",5101,12.53,20.64,40.9,42.33,116.3
"2022-06-23 10:03:34",5102,12.53,20.64,40.93,42.33,116.3
"2022-06-23 10:03:35",5103,12.53,20.64,40.92,42.33,116.3
"2022-06-23 10:03:36",5104,12.53,20.64,40.92,42.33,116.3
"2022-06-23 10:03:37",5105,12.53,20.64,40.95,42.33,116.3
"2022-06-23 10:03:38",5106,12.53,20.64,40.95,42.33,116.3
"2022-06-23 10:03:39",5107,12.53,20.64,40.96,42.33,116.3
"2022-06-23 10:03:40",5108,12.53,20.64,40.94,42.33,116.3
"2022-06-23 10:03:41",5109,12.53,20.64,40.94,42.33,116.3
"2022-06-23 10:03:42",5110,12.53,20.64,40.95,42.33,116.3
"2022-06-23 10:03:43",5111,12.52,20.64,40.96,42.33,116.3
"2022-06-23 10:03:44",5112,12.53,20.64,40.95,42.33,116.3
"2022-06-23 10:03:45",5113,12.53,20.64,40.96,42.33,116.3
"2022-06-23 10:03:46",5114,12.53,20.64,40.96,42.33,116.3
"2022-06-23 10:03:47",5115,12.53,20.64,40.96,42.33,116.3
"2022-06-23 10:03:48",5116,12.53,20.64,40.96,42.33,116.3
"2022-06-23 10:03:49",5117,12.53,20.64,40.92,42.33,116.3
"2022-06-23 10:03:50",5118,12.53,20.64,40.93,42.33,116.3
"2022-06-23 10:03:51",5119,12.53,20.64,40.92,42.33,116.3
"2022-06-23 10:03:52",5120,12.53,20.64,40.95,42.33,116.3
"2022-06-23 10:03:53",5121,12.53,20.64,40.92,42.33,116.3
"2022-06-23 10:03:54",5122,12.53,20.64,40.93,42.33,116.3
"2022-06-23 10:03:55",5123,12.52,20.64,40.93,42.33,116.3
"2022-06-23 10:03:56",5124,12.53,20.64,40.95,42.33,116.3
"2022-06-23 10:03:57",5125,12.53,20.64,40.94,42.33,116.3
"2022-06-23 10:03:58",5126,12.53,20.64,40.96,42.33,116.3
"2022-06-23 10:03:59",5127,12.53,20.64,40.96,42.33,116.3
"2022-06-23 10:04:00",5128,12.53,20.64,40.95,42.33,116.3
"2022-06-23 10:04:01",5129,12.53,20.64,40.96,42.33,116.3
"2022-06-23 10:04:02",5130,12.53,20.64,40.96,42.33,116.3
"2022-06-23 10:04:03",5131,12.53,20.64,40.96,42.33,116.3
"2022-06-23 10:04:04",5132,12.53,20.64,40.94,42.33,116.3
"2022-06-23 10:04:05",5133,12.53,20.64,40.95,42.33,116.3
"2022-06-23 10:04:06",5134,12.53,20.64,40.93,42.33,116.3
"2022-06-23 10:04:07",5135,12.53,20.64,40.93,42.33,116.3
"2022-06-23 10:04:08",5136,12.53,20.64,40.94,42.33,116.3
"2022-06-23 10:04:09",5137,12.53,20.64,40.97,42.33,116.3
"2022-06-23 10:04:10",5138,12.53,20.64,40.94,42.33,116.3
"2022-06-23 10:04:11",5139,12.53,20.64,40.94,42.33,116.3
"2022-06-23 10:04:12",5140,12.53,20.64,40.98,42.33,116.3
"2022-06-23 10:04:13",5141,12.53,20.64,40.97,42.33,116.3
"2022-06-23 10:04:14",5142,12.53,20.64,41,42.33,116.3
"2022-06-23 10:04:15",5143,12.53,20.64,40.97,42.33,116.3
"2022-06-23 10:04:16",5144,12.53,20.64,40.98,42.33,116.3
"2022-06-23 10:04:17",5145,12.53,20.64,40.97,42.33,116.3
"2022-06-23 10:04:18",5146,12.53,20.64,40.98,42.33,116.3
"2022-06-23 10:04:19",5147,12.53,20.64,40.98,42.33,116.3
"2022-06-23 10:04:20",5148,12.53,20.64,40.97,42.33,116.3
"2022-06-23 10:04:21",5149,12.52,20.64,40.97,42.33,116.3
"2022-06-23 10:04:22",5150,12.53,20.64,40.97,42.33,116.3
"2022-06-23 10:04:23",5151,12.53,20.64,40.98,42.33,116.3
"2022-06-23 10:04:24",5152,12.53,20.64,40.97,42.33,116.3
"2022-06-23 10:04:25",5153,12.53,20.64,40.97,42.33,116.3
"2022-06-23 10:04:26",5154,12.53,20.64,40.98,42.33,116.3
"2022-06-23 10:04:27",5155,12.53,20.64,40.97,42.33,116.3
"2022-06-23 10:04:28",5156,12.53,20.64,40.97,42.33,116.3
"2022-06-23 10:04:29",5157,12.53,20.64,40.97,42.33,116.3
"2022-06-23 10:04:30",5158,12.53,20.64,40.97,42.33,116.3
"2022-06-23 10:04:31",5159,12.53,20.64,40.96,42.33,116.3
"2022-06-23 10:04:32",5160,12.53,20.64,40.95,42.33,116.3
"2022-06-23 10:04:33",5161,12.53,20.64,40.94,42.33,116.3
"2022-06-23 10:04:34",5162,12.53,20.64,40.97,42.33,116.3
"2022-06-23 10:04:35",5163,12.53,20.64,40.96,42.33,116.3
"2022-06-23 10:04:36",5164,12.53,20.64,40.97,42.33,116.3
"2022-06-23 10:04:37",5165,12.53,20.64,40.97,42.33,116.3
"2022-06-23 10:04:38",5166,12.53,20.64,40.97,42.33,116.3
"2022-06-23 10:04:39",5167,12.53,20.64,40.97,42.33,116.3
"2022-06-23 10:04:40",5168,12.53,20.64,40.97,42.33,116.3
"2022-06-23 10:04:41",5169,12.53,20.64,40.96,42.33,116.3
"2022-06-23 10:04:42",5170,12.53,20.64,40.98,42.33,116.3
"2022-06-23 10:04:43",5171,12.53,20.64,40.98,42.33,116.3
"2022-06-23 10:04:44",5172,12.53,20.64,41,42.33,116.3
"2022-06-23 10:04:45",5173,12.52,20.64,41,42.33,116.3
"2022-06-23 10:04:46",5174,12.53,20.64,40.98,42.33,116.3
"2022-06-23 10:04:47",5175,12.52,20.64,41.01,42.33,116.3
"2022-06-23 10:04:48",5176,12.53,20.64,40.99,42.33,116.3
"2022-06-23 10:04:49",5177,12.53,20.64,40.98,42.33,116.3
"2022-06-23 10:04:50",5178,12.53,20.64,40.97,42.33,116.3
"2022-06-23 10:04:51",5179,12.53,20.64,40.98,42.33,116.3
"2022-06-23 10:04:52",5180,12.53,20.64,40.97,42.33,116.3
"2022-06-23 10:04:53",5181,12.53,20.64,40.98,42.33,116.3
"2022-06-23 10:04:54",5182,12.53,20.64,40.97,42.33,116.3
"2022-06-23 10:04:55",5183,12.53,20.64,40.97,42.33,116.3
"2022-06-23 10:04:56",5184,12.53,20.64,40.95,42.33,116.3
"2022-06-23 10:04:57",5185,12.52,20.64,40.97,42.33,116.3
"2022-06-23 10:04:58",5186,12.53,20.64,40.98,42.33,116.3
"2022-06-23 10:04:59",5187,12.53,20.64,40.98,42.33,116.3
"2022-06-23 10:05:00",5188,12.53,20.64,40.97,42.33,116.3
"2022-06-23 10:05:01",5189,12.53,20.64,40.98,42.33,116.3
"2022-06-23 10:05:02",5190,12.53,20.64,40.97,42.33,116.3
"2022-06-23 10:05:03",5191,12.53,20.64,40.95,42.33,116.3
"2022-06-23 10:05:04",5192,12.53,20.64,40.98,42.33,116.3
"2022-06-23 10:05:05",5193,12.53,20.64,40.97,42.33,116.3
"2022-06-23 10:05:06",5194,12.53,20.64,40.97,42.33,116.3
"2022-06-23 10:05:07",5195,12.53,20.64,40.97,42.33,116.3
"2022-06-23 10:05:08",5196,12.53,20.64,40.98,42.33,116.3
"2022-06-23 10:05:09",5197,12.52,20.64,40.98,42.33,116.3
"2022-06-23 10:05:10",5198,12.53,20.64,40.95,42.33,116.3
"2022-06-23 10:05:11",5199,12.53,20.64,40.97,42.33,116.3
"2022-06-23 10:05:12",5200,12.53,20.64,40.97,42.33,116.3
"2022-06-23 10:05:13",5201,12.53,20.64,40.98,42.33,116.3
"2022-06-23 10:05:14",5202,12.53,20.64,40.95,42.33,116.3
"2022-06-23 10:05:15",5203,12.53,20.64,40.95,42.33,116.3
"2022-06-23 10:05:16",5204,12.53,20.64,40.96,42.33,116.3
"2022-06-23 10:05:17",5205,12.53,20.64,40.92,42.33,116.3
"2022-06-23 10:05:18",5206,12.53,20.64,40.92,42.33,116.3
"2022-06-23 10:05:19",5207,12.53,20.64,40.91,42.33,116.3
"2022-06-23 10:05:20",5208,12.53,20.64,40.9,42.33,116.3
"2022-06-23 10:05:21",5209,12.53,20.64,40.94,42.33,116.3
"2022-06-23 10:05:22",5210,12.53,20.64,40.92,42.33,116.3
"2022-06-23 10:05:23",5211,12.52,20.64,40.9,42.33,116.3
"2022-06-23 10:05:24",5212,12.53,20.64,40.92,42.33,116.3
"2022-06-23 10:05:25",5213,12.53,20.64,40.92,42.33,116.3
"2022-06-23 10:05:26",5214,12.52,20.64,40.9,42.33,116.3
"2022-06-23 10:05:27",5215,12.53,20.64,40.92,42.33,116.3
"2022-06-23 10:05:28",5216,12.53,20.64,40.91,42.33,116.3
"2022-06-23 10:05:29",5217,12.53,20.64,40.9,42.33,116.3
"2022-06-23 10:05:30",5218,12.53,20.64,40.9,42.33,116.3
"2022-06-23 10:05:31",5219,12.53,20.64,40.91,42.33,116.3
"2022-06-23 10:05:32",5220,12.53,20.66,40.93,42.33,116.3
"2022-06-23 10:05:33",5221,12.53,20.64,40.89,42.33,116.3
"2022-06-23 10:05:34",5222,12.53,20.64,40.91,42.33,116.3
"2022-06-23 10:05:35",5223,12.53,20.64,40.9,42.33,116.3
"2022-06-23 10:05:36",5224,12.53,20.66,40.93,42.33,116.3
"2022-06-23 10:05:37",5225,12.53,20.66,40.92,42.33,116.3
"2022-06-23 10:05:38",5226,12.53,20.66,40.91,42.33,116.3
"2022-06-23 10:05:39",5227,12.53,20.66,40.91,42.33,116.3
"2022-06-23 10:05:40",5228,12.53,20.66,40.89,42.33,116.3
"2022-06-23 10:05:41",5229,12.53,20.66,40.92,42.33,116.3
"2022-06-23 10:05:42",5230,12.53,20.66,40.89,42.33,116.3
"2022-06-23 10:05:43",5231,12.53,20.66,40.87,42.33,116.3
"2022-06-23 10:05:44",5232,12.53,20.66,40.91,42.33,116.3
"2022-06-23 10:05:45",5233,12.53,20.66,40.88,42.33,116.3
"2022-06-23 10:05:46",5234,12.53,20.66,40.9,42.33,116.3
"2022-06-23 10:05:47",5235,12.53,20.66,40.87,42.33,116.3
"2022-06-23 10:05:48",5236,12.53,20.66,40.89,42.33,116.3
"2022-06-23 10:05:49",5237,12.53,20.66,40.88,42.33,116.3
"2022-06-23 10:05:50",5238,12.53,20.66,40.87,42.33,116.3
"2022-06-23 10:05:51",5239,12.53,20.66,40.9,42.33,116.3
"2022-06-23 10:05:52",5240,12.53,20.66,40.88,42.33,116.3
"2022-06-23 10:05:53",5241,12.53,20.66,40.9,42.33,116.3
"2022-06-23 10:05:54",5242,12.53,20.66,40.87,42.33,116.3
"2022-06-23 10:05:55",5243,12.53,20.66,40.87,42.33,116.3
"2022-06-23 10:05:56",5244,12.53,20.66,40.89,42.33,116.3
"2022-06-23 10:05:57",5245,12.53,20.66,40.89,42.33,116.3
"2022-06-23 10:05:58",5246,12.53,20.66,40.87,42.33,116.3
"2022-06-23 10:05:59",5247,12.53,20.66,40.86,42.33,116.3
"2022-06-23 10:06:00",5248,12.53,20.66,40.89,42.33,116.3
"2022-06-23 10:06:01",5249,12.53,20.66,40.87,42.33,116.3
"2022-06-23 10:06:02",5250,12.53,20.66,40.9,42.33,116.3
"2022-06-23 10:06:03",5251,12.53,20.66,40.87,42.33,116.3
"2022-06-23 10:06:04",5252,12.53,20.66,40.88,42.33,116.3
"2022-06-23 10:06:05",5253,12.53,20.66,40.87,42.33,116.3
"2022-06-23 10:06:06",5254,12.53,20.66,40.84,42.33,116.3
"2022-06-23 10:06:07",5255,12.53,20.66,40.86,42.33,116.3
"2022-06-23 10:06:08",5256,12.53,20.66,40.84,42.33,116.3
"2022-06-23 10:06:09",5257,12.53,20.66,40.87,42.33,116.3
"2022-06-23 10:06:10",5258,12.53,20.66,40.87,42.33,116.3
"2022-06-23 10:06:11",5259,12.53,20.66,40.84,42.33,116.3
"2022-06-23 10:06:12",5260,12.53,20.66,40.85,42.33,116.3
"2022-06-23 10:06:13",5261,12.53,20.66,40.87,42.33,116.3
"2022-06-23 10:06:14",5262,12.53,20.66,40.89,42.33,116.3
"2022-06-23 10:06:15",5263,12.53,20.66,40.9,42.33,116.3
"2022-06-23 10:06:16",5264,12.53,20.66,40.9,42.33,116.3
"2022-06-23 10:06:17",5265,12.53,20.66,40.9,42.33,116.3
"2022-06-23 10:06:18",5266,12.53,20.66,40.89,42.33,116.3
"2022-06-23 10:06:19",5267,12.53,20.66,40.9,42.33,116.3
"2022-06-23 10:06:20",5268,12.53,20.66,40.88,42.33,116.3
"2022-06-23 10:06:21",5269,12.53,20.66,40.9,42.33,116.3
"2022-06-23 10:06:22",5270,12.53,20.66,40.88,42.33,116.3
"2022-06-23 10:06:23",5271,12.53,20.66,40.87,42.33,116.3
"2022-06-23 10:06:24",5272,12.53,20.66,40.88,42.33,116.3
"2022-06-23 10:06:25",5273,12.53,20.66,40.91,42.33,116.3
"2022-06-23 10:06:26",5274,12.53,20.66,40.88,42.33,116.3
"2022-06-23 10:06:27",5275,12.53,20.66,40.86,42.33,116.3
"2022-06-23 10:06:28",5276,12.53,20.66,40.88,42.33,116.3
"2022-06-23 10:06:29",5277,12.53,20.66,40.87,42.33,116.3
"2022-06-23 10:06:30",5278,12.53,20.66,40.87,42.33,116.3
"2022-06-23 10:06:31",5279,12.53,20.66,40.87,42.33,116.3
"2022-06-23 10:06:32",5280,12.53,20.66,40.86,42.33,116.3
"2022-06-23 10:06:33",5281,12.53,20.66,40.87,42.33,116.3
"2022-06-23 10:06:34",5282,12.53,20.66,40.86,42.33,116.3
"2022-06-23 10:06:35",5283,12.53,20.66,40.87,42.33,116.3
"2022-06-23 10:06:36",5284,12.53,20.66,40.89,42.33,116.3
"2022-06-23 10:06:37",5285,12.53,20.66,40.87,42.33,116.3
"2022-06-23 10:06:38",5286,12.53,20.66,40.87,42.33,116.3
"2022-06-23 10:06:39",5287,12.53,20.66,40.89,42.33,116.3
"2022-06-23 10:06:40",5288,12.53,20.66,40.87,42.33,116.3
"2022-06-23 10:06:41",5289,12.53,20.66,40.92,42.33,116.3
"2022-06-23 10:06:42",5290,12.53,20.66,40.87,42.33,116.3
"2022-06-23 10:06:43",5291,12.53,20.66,40.87,42.33,116.3
"2022-06-23 10:06:44",5292,12.53,20.66,40.88,42.33,116.3
"2022-06-23 10:06:45",5293,12.53,20.66,40.88,42.33,116.3
"2022-06-23 10:06:46",5294,12.53,20.66,40.88,41.43,115.9
"2022-06-23 10:06:47",5295,12.53,20.66,40.89,42.33,116.3
"2022-06-23 10:06:48",5296,12.52,20.66,40.9,42.33,116.3
"2022-06-23 10:06:49",5297,12.53,20.66,40.92,42.33,116.3
"2022-06-23 10:06:50",5298,12.53,20.66,40.93,41.43,115.9
"2022-06-23 10:06:51",5299,12.53,20.69,40.97,42.33,116.3
"2022-06-23 10:06:52",5300,12.53,20.66,40.97,41.43,115.9
"2022-06-23 10:06:53",5301,12.53,20.66,40.93,41.43,115.9
"2022-06-23 10:06:54",5302,12.53,20.66,40.97,42.33,116.3
"2022-06-23 10:06:55",5303,12.53,20.69,40.98,41.43,115.9
"2022-06-23 10:06:56",5304,12.53,20.69,40.98,41.43,115.9
"2022-06-23 10:06:57",5305,12.53,20.69,40.98,41.43,115.9
"2022-06-23 10:06:58",5306,12.53,20.69,40.95,42.33,116.3
"2022-06-23 10:06:59",5307,12.52,20.69,40.95,41.43,115.9
"2022-06-23 10:07:00",5308,12.53,20.69,40.87,41.43,115.9
"2022-06-23 10:07:01",5309,12.53,20.69,41.08,41.43,115.9
"2022-06-23 10:07:02",5310,12.53,20.69,40.89,41.43,115.9
"2022-06-23 10:07:03",5311,12.53,20.69,40.94,41.43,115.9
"2022-06-23 10:07:04",5312,12.53,20.69,40.74,41.43,115.9
"2022-06-23 10:07:05",5313,12.53,20.69,40.78,42.33,116.3
"2022-06-23 10:07:06",5314,12.53,20.69,40.77,41.43,115.9
"2022-06-23 10:07:07",5315,12.53,20.69,40.79,41.43,115.9
"2022-06-23 10:07:08",5316,12.53,20.69,40.79,41.43,115.9
"2022-06-23 10:07:09",5317,12.53,20.69,40.79,41.43,115.9
"2022-06-23 10:07:10",5318,12.53,20.69,40.8,42.33,116.3
"2022-06-23 10:07:11",5319,12.53,20.69,40.83,41.43,115.9
"2022-06-23 10:07:12",5320,12.53,20.69,40.83,41.43,115.9
"2022-06-23 10:07:13",5321,12.53,20.69,40.86,41.43,115.9
"2022-06-23 10:07:14",5322,12.53,20.69,40.86,42.33,116.3
"2022-06-23 10:07:15",5323,12.53,20.69,40.85,42.33,116.3
"2022-06-23 10:07:16",5324,12.53,20.69,40.84,41.43,115.9
"2022-06-23 10:07:17",5325,12.53,20.69,40.84,41.43,115.9
"2022-06-23 10:07:18",5326,12.52,20.69,40.84,41.43,115.9
"2022-06-23 10:07:19",5327,12.53,20.69,40.84,42.33,116.3
"2022-06-23 10:07:20",5328,12.53,20.69,40.83,41.43,115.9
"2022-06-23 10:07:21",5329,12.53,20.69,40.83,42.33,116.3
"2022-06-23 10:07:22",5330,12.52,20.69,40.82,41.43,115.9
"2022-06-23 10:07:23",5331,12.53,20.69,40.8,42.33,116.3
"2022-06-23 10:07:24",5332,12.53,20.69,40.77,41.43,115.9
"2022-06-23 10:07:25",5333,12.53,20.69,40.79,42.33,116.3
"2022-06-23 10:07:26",5334,12.53,20.69,40.79,42.33,116.3
"2022-06-23 10:07:27",5335,12.53,20.69,40.78,41.43,115.9
"2022-06-23 10:07:28",5336,12.53,20.69,40.78,42.33,116.3
"2022-06-23 10:07:29",5337,12.53,20.69,40.73,42.33,116.3
"2022-06-23 10:07:30",5338,12.53,20.69,40.74,41.43,115.9
"2022-06-23 10:07:31",5339,12.53,20.69,40.74,41.43,115.9
"2022-06-23 10:07:32",5340,12.53,20.69,40.73,41.43,115.9
"2022-06-23 10:07:33",5341,12.53,20.69,40.7,41.43,115.9
"2022-06-23 10:07:34",5342,12.53,20.69,40.7,42.33,116.3
"2022-06-23 10:07:35",5343,12.53,20.69,40.7,42.33,116.3
"2022-06-23 10:07:36",5344,12.53,20.69,40.71,42.33,116.3
"2022-06-23 10:07:37",5345,12.53,20.69,40.67,41.43,115.9
"2022-06-23 10:07:38",5346,12.53,20.69,40.69,41.43,115.9
"2022-06-23 10:07:39",5347,12.53,20.69,40.65,41.43,115.9
"2022-06-23 10:07:40",5348,12.53,20.69,40.65,41.43,115.9
"2022-06-23 10:07:41",5349,12.53,20.69,40.64,41.43,115.9
"2022-06-23 10:07:42",5350,12.53,20.69,40.64,41.43,115.9
"2022-06-23 10:07:43",5351,12.53,20.69,40.64,41.43,115.9
"2022-06-23 10:07:44",5352,12.53,20.69,40.63,41.43,115.9
"2022-06-23 10:07:45",5353,12.53,20.69,40.61,41.43,115.9
"2022-06-23 10:07:46",5354,12.53,20.69,40.6,41.43,115.9
"2022-06-23 10:07:47",5355,12.53,20.69,40.59,41.43,115.9
"2022-06-23 10:07:48",5356,12.53,20.69,40.54,41.43,115.9
"2022-06-23 10:07:49",5357,12.53,20.69,40.59,41.43,115.9
"2022-06-23 10:07:50",5358,12.53,20.69,40.59,41.43,115.9
"2022-06-23 10:07:51",5359,12.53,20.69,40.58,41.43,115.9
"2022-06-23 10:07:52",5360,12.53,20.69,40.55,41.43,115.9
"2022-06-23 10:07:53",5361,12.53,20.69,40.55,41.43,115.9
"2022-06-23 10:07:54",5362,12.53,20.69,40.55,41.43,115.9
"2022-06-23 10:07:55",5363,12.53,20.69,40.54,41.43,115.9
"2022-06-23 10:07:56",5364,12.53,20.69,40.55,41.43,115.9
"2022-06-23 10:07:57",5365,12.53,20.69,40.53,41.43,115.9
"2022-06-23 10:07:58",5366,12.53,20.69,40.51,41.43,115.9
"2022-06-23 10:07:59",5367,12.53,20.69,40.51,41.43,115.9
"2022-06-23 10:08:00",5368,12.53,20.69,40.49,41.43,115.9
"2022-06-23 10:08:01",5369,12.53,20.69,40.49,41.43,115.9
"2022-06-23 10:08:02",5370,12.53,20.69,40.49,41.43,115.9
"2022-06-23 10:08:03",5371,12.53,20.69,40.45,41.43,115.9
"2022-06-23 10:08:04",5372,12.53,20.69,40.44,41.43,115.9
"2022-06-23 10:08:05",5373,12.53,20.69,40.45,41.43,115.9
"2022-06-23 10:08:06",5374,12.53,20.69,40.44,41.43,115.9
"2022-06-23 10:08:07",5375,12.53,20.69,40.41,41.43,115.9
"2022-06-23 10:08:08",5376,12.52,20.69,40.41,41.43,115.9
"2022-06-23 10:08:09",5377,12.53,20.69,40.4,41.43,115.9
"2022-06-23 10:08:10",5378,12.53,20.69,40.38,41.43,115.9
"2022-06-23 10:08:11",5379,12.53,20.69,40.37,41.43,115.9
"2022-06-23 10:08:12",5380,12.52,20.69,40.35,41.43,115.9
"2022-06-23 10:08:13",5381,12.53,20.69,40.33,41.43,115.9
"2022-06-23 10:08:14",5382,12.53,20.69,40.34,41.43,115.9
"2022-06-23 10:08:15",5383,12.53,20.69,40.32,41.43,115.9
"2022-06-23 10:08:16",5384,12.53,20.69,40.31,41.43,115.9
"2022-06-23 10:08:17",5385,12.53,20.69,40.29,41.43,115.9
"2022-06-23 10:08:18",5386,12.53,20.69,40.31,41.43,115.9
"2022-06-23 10:08:19",5387,12.53,20.69,40.3,41.43,115.9
"2022-06-23 10:08:20",5388,12.53,20.69,40.27,41.43,115.9
"2022-06-23 10:08:21",5389,12.53,20.69,40.27,41.43,115.9
"2022-06-23 10:08:22",5390,12.53,20.69,40.27,41.43,115.9
"2022-06-23 10:08:23",5391,12.53,20.69,40.25,41.43,115.9
"2022-06-23 10:08:24",5392,12.53,20.69,40.26,41.43,115.9
"2022-06-23 10:08:25",5393,12.53,20.69,40.25,41.43,115.9
"2022-06-23 10:08:26",5394,12.53,20.69,40.25,41.43,115.9
"2022-06-23 10:08:27",5395,12.53,20.69,40.24,41.43,115.9
"2022-06-23 10:08:28",5396,12.53,20.69,40.23,41.43,115.9
"2022-06-23 10:08:29",5397,12.53,20.69,40.23,41.43,115.9
"2022-06-23 10:08:30",5398,12.53,20.69,40.2,41.43,115.9
"2022-06-23 10:08:31",5399,12.53,20.69,40.21,41.43,115.9
"2022-06-23 10:08:32",5400,12.53,20.69,40.21,41.43,115.9
"2022-06-23 10:08:33",5401,12.53,20.69,40.19,41.43,115.9
"2022-06-23 10:08:34",5402,12.53,20.69,40.18,41.43,115.9
"2022-06-23 10:08:35",5403,12.53,20.69,40.17,41.43,115.9
"2022-06-23 10:08:36",5404,12.53,20.69,40.17,41.43,115.9
"2022-06-23 10:08:37",5405,12.53,20.69,40.15,41.43,115.9
"2022-06-23 10:08:38",5406,12.53,20.69,40.18,41.43,115.9
"2022-06-23 10:08:39",5407,12.53,20.69,40.16,41.43,115.9
"2022-06-23 10:08:40",5408,12.53,20.69,40.15,41.43,115.9
"2022-06-23 10:08:41",5409,12.53,20.69,40.14,41.43,115.9
"2022-06-23 10:08:42",5410,12.53,20.69,40.13,41.43,115.9
"2022-06-23 10:08:43",5411,12.53,20.69,40.13,41.43,115.9
"2022-06-23 10:08:44",5412,12.53,20.69,40.12,41.43,115.9
"2022-06-23 10:08:45",5413,12.53,20.69,40.13,41.43,115.9
"2022-06-23 10:08:46",5414,12.53,20.69,40.12,41.43,115.9
"2022-06-23 10:08:47",5415,12.53,20.69,40.12,41.43,115.9
"2022-06-23 10:08:48",5416,12.53,20.69,40.13,41.43,115.9
"2022-06-23 10:08:49",5417,12.53,20.69,40.13,41.43,115.9
"2022-06-23 10:08:50",5418,12.53,20.69,40.12,41.43,115.9
"2022-06-23 10:08:51",5419,12.53,20.69,40.09,41.43,115.9
"2022-06-23 10:08:52",5420,12.53,20.69,40.11,41.43,115.9
"2022-06-23 10:08:53",5421,12.53,20.69,40.09,41.43,115.9
"2022-06-23 10:08:54",5422,12.52,20.69,40.09,41.43,115.9
"2022-06-23 10:08:55",5423,12.53,20.69,40.09,41.43,115.9
"2022-06-23 10:08:56",5424,12.52,20.69,40.09,41.43,115.9
"2022-06-23 10:08:57",5425,12.53,20.69,40.06,41.43,115.9
"2022-06-23 10:08:58",5426,12.53,20.69,40.08,41.43,115.9
"2022-06-23 10:08:59",5427,12.53,20.69,40.06,41.43,115.9
"2022-06-23 10:09:00",5428,12.52,20.69,40.03,41.43,115.9
"2022-06-23 10:09:01",5429,12.53,20.69,40.05,41.43,115.9
"2022-06-23 10:09:02",5430,12.53,20.69,40.03,41.43,115.9
"2022-06-23 10:09:03",5431,12.53,20.69,40.03,41.43,115.9
"2022-06-23 10:09:04",5432,12.53,20.69,40.03,41.43,115.9
"2022-06-23 10:09:05",5433,12.53,20.69,40.01,41.43,115.9
"2022-06-23 10:09:06",5434,12.53,20.69,40.01,41.43,115.9
"2022-06-23 10:09:07",5435,12.53,20.69,40,41.43,115.9
"2022-06-23 10:09:08",5436,12.53,20.69,40.02,41.43,115.9
"2022-06-23 10:09:09",5437,12.53,20.69,40,41.43,115.9
"2022-06-23 10:09:10",5438,12.53,20.69,39.98,41.43,115.9
"2022-06-23 10:09:11",5439,12.53,20.69,39.99,41.43,115.9
"2022-06-23 10:09:12",5440,12.53,20.69,39.96,41.43,115.9
"2022-06-23 10:09:13",5441,12.53,20.69,39.99,41.43,115.9
"2022-06-23 10:09:14",5442,12.53,20.69,39.98,41.43,115.9
"2022-06-23 10:09:15",5443,12.53,20.69,39.94,41.43,115.9
"2022-06-23 10:09:16",5444,12.53,20.69,39.96,41.43,115.9
"2022-06-23 10:09:17",5445,12.53,20.69,39.95,41.43,115.9
"2022-06-23 10:09:18",5446,12.53,20.69,39.94,41.43,115.9
"2022-06-23 10:09:19",5447,12.53,20.69,39.94,41.43,115.9
"2022-06-23 10:09:20",5448,12.53,20.69,39.94,41.43,115.9
"2022-06-23 10:09:21",5449,12.52,20.69,39.92,41.43,115.9
"2022-06-23 10:09:22",5450,12.52,20.69,39.91,41.43,115.9
"2022-06-23 10:09:23",5451,12.53,20.69,39.93,41.43,115.9
"2022-06-23 10:09:24",5452,12.53,20.69,39.93,41.43,115.9
"2022-06-23 10:09:25",5453,12.53,20.69,39.92,41.43,115.9
"2022-06-23 10:09:26",5454,12.53,20.69,39.92,41.43,115.9
"2022-06-23 10:09:27",5455,12.53,20.69,39.9,41.43,115.9
"2022-06-23 10:09:28",5456,12.53,20.69,39.9,41.43,115.9
"2022-06-23 10:09:29",5457,12.53,20.69,39.9,41.43,115.9
"2022-06-23 10:09:30",5458,12.53,20.69,39.88,41.43,115.9
"2022-06-23 10:09:31",5459,12.53,20.69,39.89,41.43,115.9
"2022-06-23 10:09:32",5460,12.53,20.69,39.89,41.43,115.9
"2022-06-23 10:09:33",5461,12.53,20.69,39.87,41.43,115.9
"2022-06-23 10:09:34",5462,12.53,20.69,39.86,41.43,115.9
"2022-06-23 10:09:35",5463,12.53,20.69,39.86,41.43,115.9
"2022-06-23 10:09:36",5464,12.53,20.69,39.86,41.43,115.9
"2022-06-23 10:09:37",5465,12.53,20.69,39.85,41.43,115.9
"2022-06-23 10:09:38",5466,12.53,20.69,39.86,41.43,115.9
"2022-06-23 10:09:39",5467,12.53,20.69,39.84,41.43,115.9
"2022-06-23 10:09:40",5468,12.53,20.69,39.82,41.43,115.9
"2022-06-23 10:09:41",5469,12.53,20.69,39.85,41.43,115.9
"2022-06-23 10:09:42",5470,12.53,20.69,39.83,41.43,115.9
"2022-06-23 10:09:43",5471,12.53,20.69,39.83,41.43,115.9
"2022-06-23 10:09:44",5472,12.53,20.69,39.81,41.43,115.9
"2022-06-23 10:09:45",5473,12.53,20.69,39.82,41.43,115.9
"2022-06-23 10:09:46",5474,12.53,20.69,39.8,41.43,115.9
"2022-06-23 10:09:47",5475,12.53,20.69,39.77,41.43,115.9
"2022-06-23 10:09:48",5476,12.53,20.69,39.8,41.43,115.9
"2022-06-23 10:09:49",5477,12.53,20.69,39.8,41.43,115.9
"2022-06-23 10:09:50",5478,12.53,20.69,39.79,41.43,115.9
"2022-06-23 10:09:51",5479,12.53,20.69,39.77,41.43,115.9
"2022-06-23 10:09:52",5480,12.53,20.69,39.79,41.43,115.9
"2022-06-23 10:09:53",5481,12.53,20.69,39.79,41.43,115.9
"2022-06-23 10:09:54",5482,12.53,20.69,39.77,41.43,115.9
"2022-06-23 10:09:55",5483,12.53,20.69,39.76,41.43,115.9
"2022-06-23 10:09:56",5484,12.53,20.69,39.8,41.43,115.9
"2022-06-23 10:09:57",5485,12.53,20.69,39.78,41.43,115.9
"2022-06-23 10:09:58",5486,12.53,20.69,39.78,41.43,115.9
"2022-06-23 10:09:59",5487,12.53,20.69,39.77,41.43,115.9
"2022-06-23 10:10:00",5488,12.53,20.69,39.77,41.43,115.9
"2022-06-23 10:10:01",5489,12.53,20.69,39.75,41.43,115.9
"2022-06-23 10:10:02",5490,12.53,20.69,39.76,41.43,115.9
"2022-06-23 10:10:03",5491,12.53,20.69,39.76,41.43,115.9
"2022-06-23 10:10:04",5492,12.53,20.69,39.76,41.43,115.9
"2022-06-23 10:10:05",5493,12.53,20.69,39.72,41.43,115.9
"2022-06-23 10:10:06",5494,12.53,20.69,39.75,41.43,115.9
"2022-06-23 10:10:07",5495,12.53,20.72,39.76,41.43,115.9
"2022-06-23 10:10:08",5496,12.53,20.72,39.79,41.43,115.9
"2022-06-23 10:10:09",5497,12.53,20.69,39.73,41.43,115.9
"2022-06-23 10:10:10",5498,12.53,20.72,39.77,41.43,115.9
"2022-06-23 10:10:11",5499,12.53,20.72,39.77,41.43,115.9
"2022-06-23 10:10:12",5500,12.53,20.72,39.75,40.52,115.6
"2022-06-23 10:10:13",5501,12.53,20.72,39.74,40.52,115.6
"2022-06-23 10:10:14",5502,12.53,20.72,39.75,41.43,115.9
"2022-06-23 10:10:15",5503,12.53,20.72,39.74,40.52,115.6
"2022-06-23 10:10:16",5504,12.53,20.72,39.74,41.43,115.9
"2022-06-23 10:10:17",5505,12.53,20.69,39.7,41.43,115.9
"2022-06-23 10:10:18",5506,12.53,20.69,39.71,40.52,115.6
"2022-06-23 10:10:19",5507,12.53,20.72,39.72,41.43,115.9
"2022-06-23 10:10:20",5508,12.53,20.69,39.7,40.52,115.6
"2022-06-23 10:10:21",5509,12.53,20.72,39.72,41.43,115.9
"2022-06-23 10:10:22",5510,12.53,20.72,39.7,41.43,115.9
"2022-06-23 10:10:23",5511,12.53,20.72,39.7,40.52,115.6
"2022-06-23 10:10:24",5512,12.53,20.72,39.69,41.43,115.9
"2022-06-23 10:10:25",5513,12.53,20.72,39.69,40.52,115.6
"2022-06-23 10:10:26",5514,12.53,20.72,39.68,40.52,115.6
"2022-06-23 10:10:27",5515,12.53,20.69,39.63,41.43,115.9
"2022-06-23 10:10:28",5516,12.53,20.72,39.67,40.52,115.6
"2022-06-23 10:10:29",5517,12.53,20.69,39.66,40.52,115.6
"2022-06-23 10:10:30",5518,12.53,20.72,39.65,40.52,115.6
"2022-06-23 10:10:31",5519,12.53,20.72,39.63,40.52,115.6
"2022-06-23 10:10:32",5520,12.53,20.72,39.66,40.52,115.6
"2022-06-23 10:10:33",5521,12.53,20.72,39.64,40.52,115.6
"2022-06-23 10:10:34",5522,12.53,20.72,39.63,41.43,115.9
"2022-06-23 10:10:35",5523,12.53,20.72,39.63,40.52,115.6
"2022-06-23 10:10:36",5524,12.53,20.72,39.64,40.52,115.6
"2022-06-23 10:10:37",5525,12.53,20.72,39.63,41.43,115.9
"2022-06-23 10:10:38",5526,12.53,20.72,39.62,40.52,115.6
"2022-06-23 10:10:39",5527,12.53,20.72,39.59,40.52,115.6
"2022-06-23 10:10:40",5528,12.53,20.72,39.62,40.52,115.6
"2022-06-23 10:10:41",5529,12.53,20.72,39.61,41.43,115.9
"2022-06-23 10:10:42",5530,12.53,20.72,39.61,40.52,115.6
"2022-06-23 10:10:43",5531,12.53,20.72,39.58,40.52,115.6
"2022-06-23 10:10:44",5532,12.53,20.72,39.56,40.52,115.6
"2022-06-23 10:10:45",5533,12.53,20.72,39.57,40.52,115.6
"2022-06-23 10:10:46",5534,12.53,20.72,39.55,40.52,115.6
"2022-06-23 10:10:47",5535,12.53,20.72,39.56,40.52,115.6
"2022-06-23 10:10:48",5536,12.53,20.72,39.57,40.52,115.6
"2022-06-23 10:10:49",5537,12.53,20.72,39.57,40.52,115.6
"2022-06-23 10:10:50",5538,12.53,20.72,39.54,40.52,115.6
"2022-06-23 10:10:51",5539,12.53,20.72,39.53,40.52,115.6
"2022-06-23 10:10:52",5540,12.53,20.72,39.54,40.52,115.6
"2022-06-23 10:10:53",5541,12.53,20.72,39.55,40.52,115.6
"2022-06-23 10:10:54",5542,12.53,20.72,39.52,40.52,115.6
"2022-06-23 10:10:55",5543,12.53,20.72,39.53,40.52,115.6
"2022-06-23 10:10:56",5544,12.53,20.72,39.52,40.52,115.6
"2022-06-23 10:10:57",5545,12.53,20.72,39.53,40.52,115.6
"2022-06-23 10:10:58",5546,12.53,20.72,39.5,40.52,115.6
"2022-06-23 10:10:59",5547,12.53,20.72,39.53,40.52,115.6
"2022-06-23 10:11:00",5548,12.53,20.72,39.51,40.52,115.6
"2022-06-23 10:11:01",5549,12.53,20.72,39.5,40.52,115.6
"2022-06-23 10:11:02",5550,12.53,20.72,39.49,40.52,115.6
"2022-06-23 10:11:03",5551,12.53,20.72,39.49,40.52,115.6
"2022-06-23 10:11:04",5552,12.53,20.72,39.49,40.52,115.6
"2022-06-23 10:11:05",5553,12.53,20.72,39.49,40.52,115.6
"2022-06-23 10:11:06",5554,12.53,20.72,39.49,40.52,115.6
"2022-06-23 10:11:07",5555,12.53,20.72,39.49,40.52,115.6
"2022-06-23 10:11:08",5556,12.53,20.72,39.47,40.52,115.6
"2022-06-23 10:11:09",5557,12.53,20.72,39.46,40.52,115.6
"2022-06-23 10:11:10",5558,12.52,20.72,39.46,40.52,115.6
"2022-06-23 10:11:11",5559,12.53,20.72,39.47,40.52,115.6
"2022-06-23 10:11:12",5560,12.53,20.72,39.46,40.52,115.6
"2022-06-23 10:11:13",5561,12.53,20.72,39.45,40.52,115.6
"2022-06-23 10:11:14",5562,12.53,20.72,39.44,40.52,115.6
"2022-06-23 10:11:15",5563,12.53,20.72,39.43,40.52,115.6
"2022-06-23 10:11:16",5564,12.53,20.72,39.44,40.52,115.6
"2022-06-23 10:11:17",5565,12.53,20.72,39.44,40.52,115.6
"2022-06-23 10:11:18",5566,12.53,20.72,39.42,40.52,115.6
"2022-06-23 10:11:19",5567,12.53,20.72,39.42,40.52,115.6
"2022-06-23 10:11:20",5568,12.53,20.72,39.43,40.52,115.6
"2022-06-23 10:11:21",5569,12.53,20.72,39.41,40.52,115.6
"2022-06-23 10:11:22",5570,12.53,20.72,39.41,40.52,115.6
"2022-06-23 10:11:23",5571,12.53,20.72,39.4,40.52,115.6
"2022-06-23 10:11:24",5572,12.53,20.72,39.4,40.52,115.6
"2022-06-23 10:11:25",5573,12.53,20.72,39.41,40.52,115.6
"2022-06-23 10:11:26",5574,12.53,20.72,39.39,40.52,115.6
"2022-06-23 10:11:27",5575,12.53,20.72,39.38,40.52,115.6
"2022-06-23 10:11:28",5576,12.53,20.72,39.38,40.52,115.6
"2022-06-23 10:11:29",5577,12.53,20.72,39.39,40.52,115.6
"2022-06-23 10:11:30",5578,12.53,20.74,39.4,40.52,115.6
"2022-06-23 10:11:31",5579,12.53,20.74,39.38,40.52,115.6
"2022-06-23 10:11:32",5580,12.53,20.74,39.4,40.52,115.6
"2022-06-23 10:11:33",5581,12.53,20.72,39.36,40.52,115.6
"2022-06-23 10:11:34",5582,12.53,20.74,39.42,40.52,115.6
"2022-06-23 10:11:35",5583,12.53,20.74,39.4,40.52,115.6
"2022-06-23 10:11:36",5584,12.53,20.74,39.41,40.52,115.6
"2022-06-23 10:11:37",5585,12.53,20.74,39.4,40.52,115.6
"2022-06-23 10:11:38",5586,12.53,20.74,39.42,40.52,115.6
"2022-06-23 10:11:39",5587,12.53,20.74,39.4,40.52,115.6
"2022-06-23 10:11:40",5588,12.53,20.74,39.41,40.52,115.6
"2022-06-23 10:11:41",5589,12.53,20.74,39.39,40.52,115.6
"2022-06-23 10:11:42",5590,12.53,20.74,39.4,40.52,115.6
"2022-06-23 10:11:43",5591,12.53,20.74,39.39,40.52,115.6
"2022-06-23 10:11:44",5592,12.53,20.74,39.4,40.52,115.6
"2022-06-23 10:11:45",5593,12.53,20.74,39.4,40.52,115.6
"2022-06-23 10:11:46",5594,12.53,20.74,39.4,40.52,115.6
"2022-06-23 10:11:47",5595,12.53,20.74,39.38,40.52,115.6
"2022-06-23 10:11:48",5596,12.53,20.74,39.37,40.52,115.6
"2022-06-23 10:11:49",5597,12.53,20.74,39.38,40.52,115.6
"2022-06-23 10:11:50",5598,12.53,20.74,39.39,40.52,115.6
"2022-06-23 10:11:51",5599,12.53,20.74,39.4,40.52,115.6
"2022-06-23 10:11:52",5600,12.53,20.74,39.39,40.52,115.6
"2022-06-23 10:11:53",5601,12.53,20.74,39.36,40.52,115.6
"2022-06-23 10:11:54",5602,12.53,20.74,39.37,40.52,115.6
"2022-06-23 10:11:55",5603,12.53,20.74,39.37,40.52,115.6
"2022-06-23 10:11:56",5604,12.53,20.74,39.36,40.52,115.6
"2022-06-23 10:11:57",5605,12.53,20.74,39.37,40.52,115.6
"2022-06-23 10:11:58",5606,12.53,20.74,39.36,40.52,115.6
"2022-06-23 10:11:59",5607,12.53,20.74,39.38,40.52,115.6
"2022-06-23 10:12:00",5608,12.53,20.74,39.36,40.52,115.6
"2022-06-23 10:12:01",5609,12.53,20.74,39.36,40.52,115.6
"2022-06-23 10:12:02",5610,12.53,20.74,39.36,40.52,115.6
"2022-06-23 10:12:03",5611,12.53,20.74,39.36,40.52,115.6
"2022-06-23 10:12:04",5612,12.53,20.74,39.35,40.52,115.6
"2022-06-23 10:12:05",5613,12.53,20.74,39.31,40.52,115.6
"2022-06-23 10:12:06",5614,12.53,20.74,39.31,40.52,115.6
"2022-06-23 10:12:07",5615,12.53,20.74,39.32,40.52,115.6
"2022-06-23 10:12:08",5616,12.53,20.74,39.35,40.52,115.6
"2022-06-23 10:12:09",5617,12.53,20.74,39.33,40.52,115.6
"2022-06-23 10:12:10",5618,12.53,20.74,39.31,40.52,115.6
"2022-06-23 10:12:11",5619,12.53,20.74,39.31,40.52,115.6
"2022-06-23 10:12:12",5620,12.53,20.74,39.31,40.52,115.6
"2022-06-23 10:12:13",5621,12.53,20.74,39.29,40.52,115.6
"2022-06-23 10:12:14",5622,12.53,20.74,39.31,40.52,115.6
"2022-06-23 10:12:15",5623,12.53,20.74,39.31,40.52,115.6
"2022-06-23 10:12:16",5624,12.53,20.74,39.31,40.52,115.6
"2022-06-23 10:12:17",5625,12.53,20.74,39.3,40.52,115.6
"2022-06-23 10:12:18",5626,12.53,20.74,39.31,40.52,115.6
"2022-06-23 10:12:19",5627,12.53,20.74,39.3,40.52,115.6
"2022-06-23 10:12:20",5628,12.53,20.74,39.31,40.52,115.6
"2022-06-23 10:12:21",5629,12.53,20.74,39.3,40.52,115.6
"2022-06-23 10:12:22",5630,12.53,20.74,39.29,40.52,115.6
"2022-06-23 10:12:23",5631,12.53,20.74,39.26,40.52,115.6
"2022-06-23 10:12:24",5632,12.53,20.74,39.26,40.52,115.6
"2022-06-23 10:12:25",5633,12.53,20.74,39.27,40.52,115.6
"2022-06-23 10:12:26",5634,12.53,20.74,39.28,40.52,115.6
"2022-06-23 10:12:27",5635,12.53,20.74,39.27,40.52,115.6
"2022-06-23 10:12:28",5636,12.53,20.74,39.26,40.52,115.6
"2022-06-23 10:12:29",5637,12.53,20.74,39.26,40.52,115.6
"2022-06-23 10:12:30",5638,12.53,20.74,39.27,40.52,115.6
"2022-06-23 10:12:31",5639,12.53,20.74,39.28,40.52,115.6
"2022-06-23 10:12:32",5640,12.53,20.74,39.27,40.52,115.6
"2022-06-23 10:12:33",5641,12.53,20.74,39.29,40.52,115.6
"2022-06-23 10:12:34",5642,12.53,20.74,39.28,40.52,115.6
"2022-06-23 10:12:35",5643,12.53,20.74,39.29,40.52,115.6
"2022-06-23 10:12:36",5644,12.53,20.74,39.28,40.52,115.6
"2022-06-23 10:12:37",5645,12.53,20.74,39.29,40.52,115.6
"2022-06-23 10:12:38",5646,12.53,20.74,39.26,40.52,115.6
"2022-06-23 10:12:39",5647,12.53,20.74,39.25,40.52,115.6
"2022-06-23 10:12:40",5648,12.53,20.74,39.24,40.52,115.6
"2022-06-23 10:12:41",5649,12.53,20.74,39.2,40.52,115.6
"2022-06-23 10:12:42",5650,12.53,20.74,39.21,40.52,115.6
"2022-06-23 10:12:43",5651,12.53,20.74,39.21,40.52,115.6
"2022-06-23 10:12:44",5652,12.53,20.74,39.22,40.52,115.6
"2022-06-23 10:12:45",5653,12.53,20.74,39.21,40.52,115.6
"2022-06-23 10:12:46",5654,12.53,20.74,39.23,40.52,115.6
"2022-06-23 10:12:47",5655,12.53,20.74,39.24,40.52,115.6
"2022-06-23 10:12:48",5656,12.53,20.74,39.26,40.52,115.6
"2022-06-23 10:12:49",5657,12.53,20.74,39.27,40.52,115.6
"2022-06-23 10:12:50",5658,12.53,20.74,39.26,40.52,115.6
"2022-06-23 10:12:51",5659,12.53,20.74,39.27,40.52,115.6
"2022-06-23 10:12:52",5660,12.53,20.74,39.28,40.52,115.6
"2022-06-23 10:12:53",5661,12.53,20.74,39.26,40.52,115.6
"2022-06-23 10:12:54",5662,12.53,20.74,39.27,40.52,115.6
"2022-06-23 10:12:55",5663,12.53,20.74,39.26,40.52,115.6
"2022-06-23 10:12:56",5664,12.53,20.74,39.27,40.52,115.6
"2022-06-23 10:12:57",5665,12.53,20.74,39.23,40.52,115.6
"2022-06-23 10:12:58",5666,12.53,20.74,39.24,40.52,115.6
"2022-06-23 10:12:59",5667,12.53,20.74,39.24,40.52,115.6
"2022-06-23 10:13:00",5668,12.53,20.74,39.24,40.52,115.6
"2022-06-23 10:13:01",5669,12.53,20.74,39.24,40.52,115.6
"2022-06-23 10:13:02",5670,12.53,20.74,39.24,40.52,115.6
"2022-06-23 10:13:03",5671,12.53,20.74,39.24,40.52,115.6
"2022-06-23 10:13:04",5672,12.52,20.74,39.24,40.52,115.6
"2022-06-23 10:13:05",5673,12.53,20.74,39.23,40.52,115.6
"2022-06-23 10:13:06",5674,12.53,20.74,39.23,40.52,115.6
"2022-06-23 10:13:07",5675,12.53,20.74,39.26,40.52,115.6
"2022-06-23 10:13:08",5676,12.53,20.74,39.25,40.52,115.6
"2022-06-23 10:13:09",5677,12.53,20.74,39.24,40.52,115.6
"2022-06-23 10:13:10",5678,12.53,20.74,39.26,40.52,115.6
"2022-06-23 10:13:11",5679,12.53,20.74,39.25,40.52,115.6
"2022-06-23 10:13:12",5680,12.53,20.74,39.23,40.52,115.6
"2022-06-23 10:13:13",5681,12.53,20.74,39.21,40.52,115.6
"2022-06-23 10:13:14",5682,12.53,20.74,39.26,40.52,115.6
"2022-06-23 10:13:15",5683,12.53,20.74,39.25,40.52,115.6
"2022-06-23 10:13:16",5684,12.53,20.74,39.24,40.52,115.6
"2022-06-23 10:13:17",5685,12.53,20.74,39.22,40.52,115.6
"2022-06-23 10:13:18",5686,12.53,20.74,39.22,40.52,115.6
"2022-06-23 10:13:19",5687,12.53,20.74,39.23,40.52,115.6
"2022-06-23 10:13:20",5688,12.53,20.74,39.21,40.52,115.6
"2022-06-23 10:13:21",5689,12.53,20.74,39.24,40.52,115.6
"2022-06-23 10:13:22",5690,12.53,20.74,39.22,40.52,115.6
"2022-06-23 10:13:23",5691,12.53,20.74,39.2,40.52,115.6
"2022-06-23 10:13:24",5692,12.53,20.74,39.2,40.52,115.6
"2022-06-23 10:13:25",5693,12.53,20.74,39.2,40.52,115.6
"2022-06-23 10:13:26",5694,12.53,20.74,39.21,40.52,115.6
"2022-06-23 10:13:27",5695,12.53,20.74,39.18,40.52,115.6
"2022-06-23 10:13:28",5696,12.53,20.74,39.18,40.52,115.6
"2022-06-23 10:13:29",5697,12.53,20.74,39.21,40.52,115.6
"2022-06-23 10:13:30",5698,12.53,20.74,39.21,40.52,115.6
"2022-06-23 10:13:31",5699,12.53,20.74,39.21,40.52,115.6
"2022-06-23 10:13:32",5700,12.53,20.74,39.22,40.52,115.6
"2022-06-23 10:13:33",5701,12.53,20.74,39.23,40.52,115.6
"2022-06-23 10:13:34",5702,12.53,20.74,39.21,40.52,115.6
"2022-06-23 10:13:35",5703,12.53,20.74,39.17,40.52,115.6
"2022-06-23 10:13:36",5704,12.53,20.74,37.93,40.52,115.6
"2022-06-23 10:13:37",5705,12.53,20.74,34.82,40.52,115.6
"2022-06-23 10:13:38",5706,12.53,20.74,33.07,40.52,115.6
"2022-06-23 10:13:39",5707,12.53,20.74,31.12,40.52,115.6
"2022-06-23 10:13:40",5708,12.53,20.74,29.75,39.62,115.3
"2022-06-23 10:13:41",5709,12.53,20.74,28.49,39.62,115.3
"2022-06-23 10:13:42",5710,12.53,20.74,27.49,39.62,115.3
"2022-06-23 10:13:43",5711,12.53,20.74,26.79,39.62,115.3
